<Nodes>
0		0.0264380388		0.0964418501;
1		0.0938603655		0.5;
2		-0.5		0.5;
3		-0.5		-0.000641271472;
4		-0.0999999866		-5.39062821e-05;
5		0.100000001		0.0;
6		0.5		0.000222921371;
7		0.5		0.5;
8		0.0934734941		-0.5;
9		0.026369717		-0.096460551;
10		-0.5		-0.5;
11		0.5		-0.5;
12		-0.0993014276		0.0117993997;
13		-0.0971991867		0.0235014502;
14		-0.0937146246		0.0348936841;
15		-0.088918902		0.0457539968;
16		-0.0829502121		0.0558503605;
17		-0.0756702051		0.0653759837;
18		-0.0672660172		0.0739951506;
19		-0.0577754453		0.0816210657;
20		-0.0472498611		0.0881331414;
21		-0.0358037241		0.0933707282;
22		-0.0236478131		0.0971636847;
23		-0.0110602453		0.099386476;
24		0.00165987178		0.0999862254;
25		0.014123085		0.0989976674;
26		0.0337289423		0.12434157;
27		0.0391148701		0.148871168;
28		0.0445092097		0.174178436;
29		0.0501427203		0.200643316;
30		0.0560921729		0.227458477;
31		0.0624349155		0.256331116;
32		0.0689996108		0.287843883;
33		0.0754553676		0.320721716;
34		0.0813442692		0.355745256;
35		0.0862264186		0.391296744;
36		0.0899560452		0.427233636;
37		0.0925567821		0.463669777;
38		0.0452944636		0.5;
39		-0.00270522386		0.5;
40		-0.0505455248		0.5;
41		-0.0984572172		0.5;
42		-0.146984234		0.5;
43		-0.197203398		0.5;
44		-0.246545598		0.5;
45		-0.296393722		0.5;
46		-0.345558643		0.5;
47		-0.396399766		0.5;
48		-0.448159128		0.5;
49		-0.5		0.449213892;
50		-0.5		0.39798972;
51		-0.5		0.346157879;
52		-0.5		0.295035154;
53		-0.5		0.241715208;
54		-0.5		0.190956235;
55		-0.5		0.141762897;
56		-0.5		0.0936744809;
57		-0.5		0.0463740416;
58		-0.463512659		-0.000417897478;
59		-0.42574501		-0.000198031223;
60		-0.387643635		2.00616196e-05;
61		-0.351363122		0.000202730298;
62		-0.315642715		0.000280559994;
63		-0.282224357		0.000313283206;
64		-0.250093073		0.000303594454;
65		-0.218373492		0.000251433288;
66		-0.188060611		0.00016740663;
67		-0.1593851		9.70587134e-05;
68		-0.131317005		5.79050538e-06;
69		0.44926405		0.5;
70		0.39827311		0.5;
71		0.347198248		0.5;
72		0.295176923		0.5;
73		0.243368968		0.5;
74		0.192782924		0.5;
75		0.143202931		0.5;
76		0.0383747406		0.0923438072;
77		0.0497259758		0.0867601708;
78		0.0605043843		0.0796192139;
79		0.0704356804		0.0709846169;
80		0.0793016702		0.0609199852;
81		0.0866511911		0.0499156453;
82		0.0924833193		0.0380373001;
83		0.0966691151		0.0255945716;
84		0.0991661549		0.0128869656;
85		0.12825343		-3.09678981e-05;
86		0.152883589		-6.28293928e-05;
87		0.178524375		-0.000131171022;
88		0.206328124		-0.000254946062;
89		0.231912002		-0.00029728096;
90		0.26046738		-0.000379713194;
91		0.291305393		-0.000434529153;
92		0.32298708		-0.000395723036;
93		0.356328011		-0.000292303041;
94		0.391310453		-0.000156614929;
95		0.427437603		-2.91885808e-05;
96		0.464094728		9.61888582e-05;
97		0.5		0.0490283929;
98		0.5		0.0979068652;
99		0.5		0.147066012;
100		0.5		0.196722403;
101		0.5		0.247019753;
102		0.5		0.297921509;
103		0.5		0.348855227;
104		0.5		0.399534255;
105		0.5		0.449867278;
106		-0.44845283		-0.5;
107		-0.396782041		-0.5;
108		-0.3454853		-0.5;
109		-0.295992136		-0.5;
110		-0.245791301		-0.5;
111		-0.196195379		-0.5;
112		-0.14633061		-0.5;
113		-0.0979255363		-0.5;
114		-0.0498293377		-0.5;
115		-0.00197266042		-0.5;
116		0.0457258821		-0.5;
117		0.092043981		-0.464076579;
118		0.0894581825		-0.427572519;
119		0.0857401639		-0.391241252;
120		0.0807958692		-0.356381565;
121		0.0748466253		-0.321668178;
122		0.0683994293		-0.288036078;
123		0.061928004		-0.257155597;
124		0.0558086894		-0.229365081;
125		0.0499792546		-0.201462775;
126		0.0442962907		-0.174020439;
127		0.0388957262		-0.148347199;
128		0.033546824		-0.12378975;
129		0.0141581148		-0.0989926681;
130		0.00156709587		-0.0999877229;
131		-0.0110483533		-0.0993877947;
132		-0.0235453229		-0.0971885696;
133		-0.0355980322		-0.0934493467;
134		-0.0469996706		-0.0882668197;
135		-0.0575406291		-0.0817867741;
136		-0.067079708		-0.0741640925;
137		-0.0754784942		-0.0655972362;
138		-0.0826936513		-0.056229528;
139		-0.0888267979		-0.0459325612;
140		-0.0936786309		-0.0349902026;
141		-0.0971787944		-0.0235856399;
142		-0.0992900804		-0.0118945222;
143		-0.5		-0.0480397679;
144		-0.5		-0.094779931;
145		-0.5		-0.142075524;
146		-0.5		-0.19091107;
147		-0.5		-0.240596101;
148		-0.5		-0.292237192;
149		-0.5		-0.344762295;
150		-0.5		-0.39720574;
151		-0.5		-0.448709041;
152		0.0991569534		-0.0129575757;
153		0.0966297314		-0.0257428549;
154		0.0924228802		-0.0381839052;
155		0.0865831971		-0.0500334948;
156		0.0790704936		-0.0612197444;
157		0.0703147724		-0.071104385;
158		0.0604202747		-0.0796830654;
159		0.0496477857		-0.0868049413;
160		0.0382295251		-0.0924040228;
161		0.142398998		-0.5;
162		0.19202739		-0.5;
163		0.242758304		-0.5;
164		0.294223815		-0.5;
165		0.345827937		-0.5;
166		0.397649735		-0.5;
167		0.448868722		-0.5;
168		0.5		-0.450089216;
169		0.5		-0.399900347;
170		0.5		-0.349330097;
171		0.5		-0.298550785;
172		0.5		-0.247731581;
173		0.5		-0.197248444;
174		0.5		-0.147264346;
175		0.5		-0.097768724;
176		0.5		-0.0486540832;
177		-0.324244827		0.280086666;
178		0.0385327078		0.359612286;
179		-0.00386305642		0.360887051;
180		-0.0461474061		0.358672142;
181		-0.088029474		0.35327369;
182		-0.13015075		0.34591496;
183		-0.172959864		0.336319447;
184		-0.21735014		0.323704213;
185		-0.265472591		0.306342602;
186		-0.279387385		0.238114163;
187		-0.245472729		0.207183808;
188		-0.216267273		0.181458503;
189		-0.189636961		0.1588462;
190		-0.16469498		0.138343841;
191		-0.1410961		0.119342104;
192		-0.118795834		0.101411596;
193		-0.0979028866		0.0842468515;
194		-0.343649089		0.450545311;
195		-0.339850575		0.399692506;
196		-0.333796114		0.344997257;
197		-0.447084457		0.292202622;
198		-0.390789807		0.287560195;
199		-0.386661947		0.0421726964;
200		-0.383444458		0.0848488361;
201		-0.376528054		0.128471687;
202		-0.365262687		0.17319341;
203		-0.349075973		0.221489295;
204		-0.0868873149		0.095019877;
205		-0.074444592		0.104385167;
206		-0.0607164018		0.11227034;
207		-0.0459343679		0.118666217;
208		-0.0303818937		0.123508908;
209		-0.014343123		0.126751378;
210		0.00207969593		0.128247738;
211		0.0177813526		0.127082899;
212		-0.105417766		0.114050835;
213		-0.0903130621		0.124980897;
214		-0.0737501979		0.134187117;
215		-0.0560154133		0.141716436;
216		-0.0374208577		0.147593707;
217		-0.0182432178		0.151801616;
218		0.00114044198		0.153789058;
219		0.02030202		0.153019369;
220		-0.125136495		0.134006113;
221		-0.107194036		0.146621257;
222		-0.0879268646		0.157538354;
223		-0.0668824315		0.166039765;
224		-0.0450332277		0.172898859;
225		-0.022619158		0.177918136;
226		9.04807748e-05		0.181024894;
227		0.02244303		0.179044351;
228		-0.145892963		0.155206501;
229		-0.124981984		0.169657856;
230		-0.102238223		0.181737438;
231		-0.0780244768		0.191544086;
232		-0.052878648		0.199393436;
233		-0.0271491855		0.205159843;
234		-0.00119197695		0.209198087;
235		0.0246895496		0.206444755;
236		-0.167667404		0.178114429;
237		-0.143235669		0.194330603;
238		-0.117373824		0.207879454;
239		-0.0896648839		0.218685582;
240		-0.0608193316		0.22721532;
241		-0.0316489451		0.233531967;
242		-0.00212536054		0.235268369;
243		0.0271407012		0.232810497;
244		-0.190489307		0.203352913;
245		-0.161966935		0.221266702;
246		-0.132215485		0.235858902;
247		-0.100599132		0.247322023;
248		-0.0684223399		0.256402999;
249		-0.0356443562		0.262084484;
250		-0.00280696247		0.26363942;
251		0.0298984498		0.261400014;
252		-0.214593679		0.231927544;
253		-0.181010008		0.251203477;
254		-0.146810949		0.266328782;
255		-0.111255556		0.277991503;
256		-0.0755823106		0.287093163;
257		-0.0395617001		0.293204993;
258		-0.00328595378		0.294097066;
259		0.0328318626		0.292627484;
260		-0.239984006		0.265406936;
261		-0.199790552		0.285022914;
262		-0.160283789		0.29965201;
263		-0.121051461		0.310794562;
264		-0.0820487142		0.319350421;
265		-0.0429292098		0.324988961;
266		-0.00359263667		0.326616555;
267		0.0358068235		0.324894488;
268		0.0410143249		0.394235998;
269		0.0431232229		0.429148346;
270		0.0446816757		0.464630038;
271		-0.00372604374		0.395094156;
272		-0.00322791561		0.429406047;
273		-0.0028646104		0.464462519;
274		-0.0480341241		0.39264828;
275		-0.0493134968		0.427759677;
276		-0.0500832945		0.463648856;
277		-0.0923026055		0.388522506;
278		-0.0953577757		0.424993843;
279		-0.097297594		0.46227634;
280		-0.136879817		0.382865608;
281		-0.141723871		0.421215832;
282		-0.144937783		0.46040386;
283		-0.182262585		0.375594735;
284		-0.18884252		0.416460812;
285		-0.193432838		0.458079219;
286		-0.229217499		0.366519541;
287		-0.237116262		0.41082105;
288		-0.242450774		0.455407321;
289		-0.279035896		0.355677783;
290		-0.287177771		0.404730082;
291		-0.292417824		0.452670693;
292		-0.395481527		0.449491173;
293		-0.447677642		0.449157;
294		-0.393467993		0.397861719;
295		-0.446899176		0.3976143;
296		-0.391126215		0.343967021;
297		-0.44627744		0.344985455;
298		-0.450440764		0.239154249;
299		-0.454664499		0.189166039;
300		-0.458396822		0.140657961;
301		-0.461056888		0.0927436426;
302		-0.462725699		0.0459053591;
303		-0.400014102		0.233052582;
304		-0.409260273		0.18282862;
305		-0.416720748		0.135464445;
306		-0.422136307		0.0895338356;
307		-0.425200492		0.0444331765;
308		-0.349939704		0.0393601805;
309		-0.31456387		0.0360024087;
310		-0.280815184		0.0324862748;
311		-0.248002753		0.028883379;
312		-0.217251062		0.025435647;
313		-0.186878711		0.0219869502;
314		-0.158384472		0.0187179465;
315		-0.130098656		0.0154180033;
316		-0.347169876		0.079062894;
317		-0.309829652		0.0717512667;
318		-0.276149243		0.0645424426;
319		-0.243413731		0.0572695211;
320		-0.213550419		0.050469581;
321		-0.183358893		0.0436099768;
322		-0.154482648		0.0369834378;
323		-0.127033174		0.0305540487;
324		-0.338525146		0.118888691;
325		-0.30143559		0.107397325;
326		-0.26806891		0.0962904692;
327		-0.235898539		0.0851779506;
328		-0.20531781		0.0745349377;
329		-0.176163092		0.0643697903;
330		-0.148432255		0.0546138845;
331		-0.122197166		0.0451821387;
332		-0.324462891		0.158295155;
333		-0.287487328		0.142062455;
334		-0.254661262		0.12658149;
335		-0.223547593		0.111544378;
336		-0.194280341		0.0974044949;
337		-0.16656892		0.0840509757;
338		-0.140344352		0.0713224337;
339		-0.115651496		0.0590920821;
340		-0.305876493		0.19865562;
341		-0.26938957		0.175975859;
342		-0.237237915		0.155156791;
343		-0.207891166		0.13616243;
344		-0.180505842		0.118665777;
345		-0.154693484		0.102327749;
346		-0.130347595		0.0868597925;
347		-0.107495897		0.0720647871;
348		0.280918628		0.289054126;
349		0.125232518		0.348827064;
350		0.171235159		0.339352727;
351		0.22083962		0.318707466;
352		0.287333965		0.352398574;
353		0.291584194		0.404858261;
354		0.294280171		0.453190267;
355		0.0897445455		0.0909316018;
356		0.107018523		0.109816611;
357		0.124614425		0.129348278;
358		0.142597884		0.148416564;
359		0.162483931		0.169625998;
360		0.184986204		0.194106519;
361		0.210309863		0.220791429;
362		0.240000382		0.249611214;
363		0.354884326		0.0432220176;
364		0.349941075		0.0871728361;
365		0.341761708		0.132153139;
366		0.328456461		0.178810775;
367		0.309320956		0.228709474;
368		0.45094341		0.297294617;
369		0.400442004		0.295840561;
370		0.345976353		0.293216377;
371		0.242147043		0.456163794;
372		0.191728786		0.459711105;
373		0.14162454		0.462309182;
374		0.238526881		0.411753803;
375		0.187384576		0.419255972;
376		0.137927368		0.424169362;
377		0.231952354		0.365739554;
378		0.181108937		0.380098343;
379		0.132620797		0.38643986;
380		0.115710273		0.312403053;
381		0.105198115		0.278091431;
382		0.0946222842		0.246744946;
383		0.0844714865		0.218069822;
384		0.0750845075		0.19227016;
385		0.0661828145		0.167101234;
386		0.057777483		0.143156976;
387		0.0488011055		0.118591107;
388		0.156804845		0.299151361;
389		0.141273022		0.264071047;
390		0.126151234		0.233100176;
391		0.111983284		0.205287054;
392		0.0990088806		0.180420518;
393		0.086971581		0.157024503;
394		0.0755325407		0.134368926;
395		0.0634163097		0.111204475;
396		0.198826984		0.27943927;
397		0.176809192		0.245262355;
398		0.156622678		0.215779036;
399		0.138198704		0.18914625;
400		0.121661074		0.16574122;
401		0.106838807		0.144981503;
402		0.0916782245		0.122773081;
403		0.0769374147		0.101802893;
404		0.10072054		0.0781605914;
405		0.110156603		0.0640712529;
406		0.117868476		0.0488265604;
407		0.1241033		0.0328809842;
408		0.127228647		0.0165631492;
409		0.120458163		0.0944881216;
410		0.131904155		0.0773900002;
411		0.141129836		0.0588973947;
412		0.14791891		0.0396176875;
413		0.151770294		0.0198883712;
414		0.140383661		0.111182757;
415		0.154450983		0.0914991945;
416		0.165579647		0.0694998205;
417		0.173000515		0.0466096401;
418		0.177382261		0.023326762;
419		0.161422729		0.128360868;
420		0.178022027		0.106067844;
421		0.190683454		0.0803500563;
422		0.199083954		0.0537411273;
423		0.203910857		0.0268017035;
424		0.18404457		0.146462306;
425		0.202691346		0.120657012;
426		0.216852248		0.091183871;
427		0.225692913		0.0608217791;
428		0.230469674		0.0302637424;
429		0.209580317		0.167205349;
430		0.229316041		0.135615066;
431		0.243701667		0.101873718;
432		0.253198892		0.0678117499;
433		0.258414119		0.0337031521;
434		0.237298906		0.187280893;
435		0.258274823		0.150425822;
436		0.273821265		0.112690903;
437		0.28346774		0.0747834295;
438		0.289214045		0.0371107273;
439		0.269486189		0.20779492;
440		0.290910959		0.165140003;
441		0.306758583		0.123167902;
442		0.316006333		0.0814135745;
443		0.321045995		0.040340133;
444		0.39020288		0.0455760062;
445		0.426725626		0.0473078862;
446		0.463749945		0.0484711751;
447		0.387111932		0.0919025987;
448		0.424564928		0.0951744318;
449		0.462013125		0.0969227999;
450		0.380200267		0.139094114;
451		0.419477075		0.14333564;
452		0.459545076		0.145751983;
453		0.370061755		0.187385127;
454		0.41316849		0.192498997;
455		0.456562102		0.195264414;
456		0.357950985		0.238225669;
457		0.40627408		0.243162379;
458		0.453444898		0.245685294;
459		0.44960171		0.348686963;
460		0.44916895		0.399626613;
461		0.449128836		0.449981034;
462		0.398055553		0.348503947;
463		0.397626638		0.400021285;
464		0.397861212		0.450331718;
465		0.344141424		0.348910809;
466		0.344942153		0.401278734;
467		0.346070439		0.451200187;
468		-0.324023813		-0.280079752;
469		0.0380543992		-0.359841645;
470		-0.00433785003		-0.361559391;
471		-0.0468791425		-0.360138446;
472		-0.0887294412		-0.354415774;
473		-0.130770788		-0.346924603;
474		-0.173435912		-0.337212205;
475		-0.217658073		-0.324412465;
476		-0.265536427		-0.306736827;
477		-0.334051371		-0.344955623;
478		-0.340103507		-0.399503469;
479		-0.343681633		-0.450383365;
480		-0.0980452821		-0.0846563876;
481		-0.118969366		-0.101923332;
482		-0.141173765		-0.119940706;
483		-0.164604202		-0.138996825;
484		-0.189368621		-0.159488976;
485		-0.215858802		-0.182014376;
486		-0.244923711		-0.207552135;
487		-0.278805405		-0.238234907;
488		-0.386336625		-0.042112086;
489		-0.382617474		-0.0847006068;
490		-0.375840127		-0.128284454;
491		-0.364561021		-0.172987163;
492		-0.348546594		-0.22132419;
493		-0.447012365		-0.291353226;
494		-0.39065057		-0.287172616;
495		-0.292702198		-0.452730805;
496		-0.242548406		-0.455538601;
497		-0.19337444		-0.458279729;
498		-0.144870937		-0.460713625;
499		-0.0970830172		-0.462788671;
500		-0.0497298092		-0.464531422;
501		-0.00257536443		-0.465965807;
502		0.0445175022		-0.46546185;
503		-0.287663043		-0.404866368;
504		-0.237414271		-0.411078691;
505		-0.188981891		-0.416852176;
506		-0.141747653		-0.421799421;
507		-0.0952958316		-0.425921559;
508		-0.0492778495		-0.429340661;
509		-0.0032189209		-0.43071577;
510		0.0428532101		-0.429888546;
511		-0.279296458		-0.355897814;
512		-0.229320049		-0.366909742;
513		-0.182301685		-0.376171947;
514		-0.136913836		-0.383657515;
515		-0.0923795775		-0.389654428;
516		-0.048236236		-0.394411981;
517		-0.00377338543		-0.395308614;
518		0.0407057777		-0.394389838;
519		0.0350777768		-0.326578557;
520		0.0321084969		-0.293682516;
521		0.0292413104		-0.262778848;
522		0.0266539007		-0.235160619;
523		0.0243758019		-0.206156686;
524		0.0222518127		-0.178312093;
525		0.0201211013		-0.15172863;
526		0.0180439632		-0.126842484;
527		-0.00455485377		-0.328556716;
528		-0.00428977329		-0.296066284;
529		-0.00372516341		-0.265116662;
530		-0.00301366672		-0.237358108;
531		-0.00158805272		-0.208238184;
532		-0.00013488112		-0.179721341;
533		0.00113828713		-0.152895033;
534		0.00176532322		-0.127367541;
535		-0.0442466512		-0.326606572;
536		-0.0408138335		-0.294249684;
537		-0.0368336923		-0.263341486;
538		-0.032345742		-0.233753458;
539		-0.0277310219		-0.205686241;
540		-0.0227000695		-0.177650452;
541		-0.0181510821		-0.151262969;
542		-0.0143567445		-0.126293287;
543		-0.0832168609		-0.320400357;
544		-0.0765704066		-0.287909746;
545		-0.0696458817		-0.257525653;
546		-0.0614363402		-0.227957398;
547		-0.0532856844		-0.200228214;
548		-0.0449376404		-0.173222452;
549		-0.0371580422		-0.147632644;
550		-0.0302716028		-0.123390056;
551		-0.122082934		-0.311967492;
552		-0.112036176		-0.279162288;
553		-0.101406083		-0.248685852;
554		-0.0904171318		-0.220229536;
555		-0.0784706324		-0.192912504;
556		-0.0665967464		-0.166757897;
557		-0.0556050241		-0.142103761;
558		-0.0456750095		-0.118740521;
559		-0.161533371		-0.301016599;
560		-0.147652045		-0.267868757;
561		-0.133205876		-0.237664551;
562		-0.11771775		-0.209443763;
563		-0.102352187		-0.183152571;
564		-0.0872491524		-0.158174917;
565		-0.0731960461		-0.134688199;
566		-0.0603385381		-0.112421624;
567		-0.201111481		-0.286407113;
568		-0.181947559		-0.252749264;
569		-0.162415519		-0.222761363;
570		-0.143191367		-0.195646584;
571		-0.124535307		-0.17071718;
572		-0.106593259		-0.147393167;
573		-0.0896947831		-0.125400156;
574		-0.0740476325		-0.104502983;
575		-0.240087718		-0.266103923;
576		-0.214430109		-0.232759461;
577		-0.190100744		-0.204217762;
578		-0.167101905		-0.178914472;
579		-0.145269409		-0.15588361;
580		-0.12452361		-0.134481847;
581		-0.104942828		-0.114306688;
582		-0.0866470709		-0.0950909033;
583		-0.107891254		-0.0725615844;
584		-0.116224408		-0.0594428256;
585		-0.122854643		-0.0453604609;
586		-0.127674147		-0.0306105148;
587		-0.13048552		-0.0154205607;
588		-0.131005675		-0.0874960199;
589		-0.141181022		-0.0716726184;
590		-0.14937523		-0.0546968281;
591		-0.155379787		-0.0368879177;
592		-0.158783212		-0.0185196958;
593		-0.155364648		-0.10299091;
594		-0.16737324		-0.0843363479;
595		-0.177223936		-0.0644042641;
596		-0.184264392		-0.0433789492;
597		-0.187308282		-0.0216711368;
598		-0.180997714		-0.11929293;
599		-0.195210695		-0.0978956297;
600		-0.20617187		-0.0744729787;
601		-0.213117987		-0.0499247834;
602		-0.216979593		-0.0249254126;
603		-0.208093807		-0.136685804;
604		-0.223825827		-0.111653574;
605		-0.236238986		-0.0848573372;
606		-0.244948506		-0.0569219701;
607		-0.248981923		-0.0283601824;
608		-0.237116516		-0.155511156;
609		-0.254406512		-0.12641412;
610		-0.267847925		-0.0957144201;
611		-0.276247025		-0.063953355;
612		-0.280616164		-0.0318578295;
613		-0.268943191		-0.176109016;
614		-0.287446111		-0.142035231;
615		-0.300719529		-0.106741711;
616		-0.309089005		-0.0710726455;
617		-0.31405744		-0.0353930667;
618		-0.305149049		-0.198511228;
619		-0.323729992		-0.157957405;
620		-0.336486667		-0.117814399;
621		-0.344884962		-0.0781702399;
622		-0.349160552		-0.0388681665;
623		-0.424911916		-0.0448659062;
624		-0.462483972		-0.0468599126;
625		-0.421750188		-0.0900835022;
626		-0.460552245		-0.0933292285;
627		-0.416163921		-0.135726228;
628		-0.457779408		-0.140332773;
629		-0.408758879		-0.182826489;
630		-0.454401553		-0.189304829;
631		-0.399582207		-0.232675418;
632		-0.450249016		-0.23859629;
633		-0.446505547		-0.344509661;
634		-0.447149634		-0.397061527;
635		-0.447869986		-0.448755205;
636		-0.391300648		-0.343561769;
637		-0.393607825		-0.397344232;
638		-0.395485342		-0.4491207;
639		0.281133235		-0.289509207;
640		0.124686942		-0.349695355;
641		0.170737505		-0.338732421;
642		0.220755592		-0.319192469;
643		0.239913285		-0.249108195;
644		0.209539354		-0.218595862;
645		0.184773147		-0.19355081;
646		0.162948534		-0.170619071;
647		0.142897636		-0.148944452;
648		0.12497589		-0.129610211;
649		0.107055031		-0.109562606;
650		0.0894591957		-0.0909098089;
651		0.29357934		-0.453365773;
652		0.291100472		-0.405137807;
653		0.287135303		-0.352669835;
654		0.4510113		-0.29785642;
655		0.400580943		-0.296323538;
656		0.346164256		-0.293650955;
657		0.355538756		-0.0438460708;
658		0.3514947		-0.0879602879;
659		0.343154073		-0.133147359;
660		0.329138219		-0.179384649;
661		0.309812665		-0.22919625;
662		0.0770371184		-0.102334931;
663		0.0634164587		-0.111746408;
664		0.0487719178		-0.118883602;
665		0.0918428749		-0.123569593;
666		0.0752206892		-0.134922475;
667		0.0575062111		-0.143346161;
668		0.10645441		-0.144694179;
669		0.0866909027		-0.157315731;
670		0.0658883825		-0.167162091;
671		0.1218004		-0.166869387;
672		0.0990077406		-0.181783125;
673		0.0749178231		-0.193251327;
674		0.138339251		-0.190393075;
675		0.111987546		-0.207157731;
676		0.084308587		-0.220020086;
677		0.156588167		-0.216756538;
678		0.125940159		-0.234325618;
679		0.094216384		-0.247603178;
680		0.176413953		-0.244904667;
681		0.140849754		-0.264314055;
682		0.104654834		-0.278265327;
683		0.198599786		-0.279116631;
684		0.15633519		-0.298817754;
685		0.115130901		-0.312111646;
686		0.132023394		-0.385866791;
687		0.137225524		-0.423801571;
688		0.140725464		-0.462667495;
689		0.180441126		-0.378503442;
690		0.186695054		-0.41909945;
691		0.190832585		-0.460016042;
692		0.231739089		-0.365831912;
693		0.237980425		-0.41183126;
694		0.241461456		-0.456303269;
695		0.345610261		-0.451467276;
696		0.397423565		-0.45055145;
697		0.448825359		-0.450173676;
698		0.344606817		-0.401672542;
699		0.397261888		-0.400333434;
700		0.448902249		-0.399905562;
701		0.343978584		-0.349262267;
702		0.397835791		-0.348783523;
703		0.44943735		-0.348968893;
704		0.453762293		-0.246562466;
705		0.457053244		-0.195927039;
706		0.46020326		-0.146090448;
707		0.462657243		-0.0969290435;
708		0.464290142		-0.0482981429;
709		0.406789094		-0.243872732;
710		0.413930535		-0.192972884;
711		0.420385212		-0.143540859;
712		0.425633669		-0.0952011719;
713		0.427619576		-0.0473642163;
714		0.358466059		-0.238717169;
715		0.370749176		-0.187682018;
716		0.380975753		-0.139245003;
717		0.388070464		-0.0921557993;
718		0.390950501		-0.0458844006;
719		0.321478814		-0.0411792397;
720		0.289357305		-0.0379830264;
721		0.258153617		-0.0344087481;
722		0.229981199		-0.0308075119;
723		0.204658508		-0.027323693;
724		0.176919594		-0.023528222;
725		0.152114898		-0.0199865922;
726		0.126658574		-0.0165861845;
727		0.31612736		-0.0823490322;
728		0.283222735		-0.0756417066;
729		0.252517879		-0.0684354901;
730		0.224450156		-0.0611395203;
731		0.199452192		-0.0541841649;
732		0.172380641		-0.0466714352;
733		0.147588745		-0.0396125428;
734		0.123049848		-0.0328967869;
735		0.308194369		-0.124602176;
736		0.274690062		-0.113777518;
737		0.244245037		-0.102551997;
738		0.215558589		-0.0911016613;
739		0.190969631		-0.0806205198;
740		0.16497165		-0.0692725778;
741		0.140469626		-0.058589153;
742		0.117329352		-0.0486735553;
743		0.291674525		-0.165989667;
744		0.258173078		-0.150487751;
745		0.228939548		-0.135285601;
746		0.202159375		-0.120041855;
747		0.178192258		-0.105707049;
748		0.154119954		-0.0908367261;
749		0.131215334		-0.0767256245;
750		0.109692164		-0.0638007;
751		0.269990921		-0.208299845;
752		0.236841172		-0.186152428;
753		0.209271401		-0.166315049;
754		0.185047284		-0.147665948;
755		0.161828309		-0.12856926;
756		0.140695736		-0.111058958;
757		0.11987967		-0.0938045457;
758		0.100281529		-0.0779814646;
</Nodes>

<Elements>
1		"ContElem"		18		19		205		194;
2		"ContElem"		19		20		206		205;
3		"ContElem"		20		21		207		206;
4		"ContElem"		21		22		208		207;
5		"ContElem"		22		23		209		208;
6		"ContElem"		23		24		210		209;
7		"ContElem"		24		25		211		210;
8		"ContElem"		25		26		212		211;
9		"ContElem"		26		1		27		212;
10		"ContElem"		194		205		213		193;
11		"ContElem"		205		206		214		213;
12		"ContElem"		206		207		215		214;
13		"ContElem"		207		208		216		215;
14		"ContElem"		208		209		217		216;
15		"ContElem"		209		210		218		217;
16		"ContElem"		210		211		219		218;
17		"ContElem"		211		212		220		219;
18		"ContElem"		212		27		28		220;
19		"ContElem"		193		213		221		192;
20		"ContElem"		213		214		222		221;
21		"ContElem"		214		215		223		222;
22		"ContElem"		215		216		224		223;
23		"ContElem"		216		217		225		224;
24		"ContElem"		217		218		226		225;
25		"ContElem"		218		219		227		226;
26		"ContElem"		219		220		228		227;
27		"ContElem"		220		28		29		228;
28		"ContElem"		192		221		229		191;
29		"ContElem"		221		222		230		229;
30		"ContElem"		222		223		231		230;
31		"ContElem"		223		224		232		231;
32		"ContElem"		224		225		233		232;
33		"ContElem"		225		226		234		233;
34		"ContElem"		226		227		235		234;
35		"ContElem"		227		228		236		235;
36		"ContElem"		228		29		30		236;
37		"ContElem"		191		229		237		190;
38		"ContElem"		229		230		238		237;
39		"ContElem"		230		231		239		238;
40		"ContElem"		231		232		240		239;
41		"ContElem"		232		233		241		240;
42		"ContElem"		233		234		242		241;
43		"ContElem"		234		235		243		242;
44		"ContElem"		235		236		244		243;
45		"ContElem"		236		30		31		244;
46		"ContElem"		190		237		245		189;
47		"ContElem"		237		238		246		245;
48		"ContElem"		238		239		247		246;
49		"ContElem"		239		240		248		247;
50		"ContElem"		240		241		249		248;
51		"ContElem"		241		242		250		249;
52		"ContElem"		242		243		251		250;
53		"ContElem"		243		244		252		251;
54		"ContElem"		244		31		32		252;
55		"ContElem"		189		245		253		188;
56		"ContElem"		245		246		254		253;
57		"ContElem"		246		247		255		254;
58		"ContElem"		247		248		256		255;
59		"ContElem"		248		249		257		256;
60		"ContElem"		249		250		258		257;
61		"ContElem"		250		251		259		258;
62		"ContElem"		251		252		260		259;
63		"ContElem"		252		32		33		260;
64		"ContElem"		188		253		261		187;
65		"ContElem"		253		254		262		261;
66		"ContElem"		254		255		263		262;
67		"ContElem"		255		256		264		263;
68		"ContElem"		256		257		265		264;
69		"ContElem"		257		258		266		265;
70		"ContElem"		258		259		267		266;
71		"ContElem"		259		260		268		267;
72		"ContElem"		260		33		34		268;
73		"ContElem"		187		261		186		178;
74		"ContElem"		261		262		185		186;
75		"ContElem"		262		263		184		185;
76		"ContElem"		263		264		183		184;
77		"ContElem"		264		265		182		183;
78		"ContElem"		265		266		181		182;
79		"ContElem"		266		267		180		181;
80		"ContElem"		267		268		179		180;
81		"ContElem"		268		34		35		179;
82		"ContElem"		35		36		269		179;
83		"ContElem"		36		37		270		269;
84		"ContElem"		37		38		271		270;
85		"ContElem"		38		2		39		271;
86		"ContElem"		179		269		272		180;
87		"ContElem"		269		270		273		272;
88		"ContElem"		270		271		274		273;
89		"ContElem"		271		39		40		274;
90		"ContElem"		180		272		275		181;
91		"ContElem"		272		273		276		275;
92		"ContElem"		273		274		277		276;
93		"ContElem"		274		40		41		277;
94		"ContElem"		181		275		278		182;
95		"ContElem"		275		276		279		278;
96		"ContElem"		276		277		280		279;
97		"ContElem"		277		41		42		280;
98		"ContElem"		182		278		281		183;
99		"ContElem"		278		279		282		281;
100		"ContElem"		279		280		283		282;
101		"ContElem"		280		42		43		283;
102		"ContElem"		183		281		284		184;
103		"ContElem"		281		282		285		284;
104		"ContElem"		282		283		286		285;
105		"ContElem"		283		43		44		286;
106		"ContElem"		184		284		287		185;
107		"ContElem"		284		285		288		287;
108		"ContElem"		285		286		289		288;
109		"ContElem"		286		44		45		289;
110		"ContElem"		185		287		290		186;
111		"ContElem"		287		288		291		290;
112		"ContElem"		288		289		292		291;
113		"ContElem"		289		45		46		292;
114		"ContElem"		186		290		197		178;
115		"ContElem"		290		291		196		197;
116		"ContElem"		291		292		195		196;
117		"ContElem"		292		46		47		195;
118		"ContElem"		47		48		293		195;
119		"ContElem"		48		49		294		293;
120		"ContElem"		49		3		50		294;
121		"ContElem"		195		293		295		196;
122		"ContElem"		293		294		296		295;
123		"ContElem"		294		50		51		296;
124		"ContElem"		196		295		297		197;
125		"ContElem"		295		296		298		297;
126		"ContElem"		296		51		52		298;
127		"ContElem"		197		297		199		178;
128		"ContElem"		297		298		198		199;
129		"ContElem"		298		52		53		198;
130		"ContElem"		53		54		299		198;
131		"ContElem"		54		55		300		299;
132		"ContElem"		55		56		301		300;
133		"ContElem"		56		57		302		301;
134		"ContElem"		57		58		303		302;
135		"ContElem"		58		4		59		303;
136		"ContElem"		198		299		304		199;
137		"ContElem"		299		300		305		304;
138		"ContElem"		300		301		306		305;
139		"ContElem"		301		302		307		306;
140		"ContElem"		302		303		308		307;
141		"ContElem"		303		59		60		308;
142		"ContElem"		199		304		204		178;
143		"ContElem"		304		305		203		204;
144		"ContElem"		305		306		202		203;
145		"ContElem"		306		307		201		202;
146		"ContElem"		307		308		200		201;
147		"ContElem"		308		60		61		200;
148		"ContElem"		61		62		309		200;
149		"ContElem"		62		63		310		309;
150		"ContElem"		63		64		311		310;
151		"ContElem"		64		65		312		311;
152		"ContElem"		65		66		313		312;
153		"ContElem"		66		67		314		313;
154		"ContElem"		67		68		315		314;
155		"ContElem"		68		69		316		315;
156		"ContElem"		69		5		13		316;
157		"ContElem"		200		309		317		201;
158		"ContElem"		309		310		318		317;
159		"ContElem"		310		311		319		318;
160		"ContElem"		311		312		320		319;
161		"ContElem"		312		313		321		320;
162		"ContElem"		313		314		322		321;
163		"ContElem"		314		315		323		322;
164		"ContElem"		315		316		324		323;
165		"ContElem"		316		13		14		324;
166		"ContElem"		201		317		325		202;
167		"ContElem"		317		318		326		325;
168		"ContElem"		318		319		327		326;
169		"ContElem"		319		320		328		327;
170		"ContElem"		320		321		329		328;
171		"ContElem"		321		322		330		329;
172		"ContElem"		322		323		331		330;
173		"ContElem"		323		324		332		331;
174		"ContElem"		324		14		15		332;
175		"ContElem"		202		325		333		203;
176		"ContElem"		325		326		334		333;
177		"ContElem"		326		327		335		334;
178		"ContElem"		327		328		336		335;
179		"ContElem"		328		329		337		336;
180		"ContElem"		329		330		338		337;
181		"ContElem"		330		331		339		338;
182		"ContElem"		331		332		340		339;
183		"ContElem"		332		15		16		340;
184		"ContElem"		203		333		341		204;
185		"ContElem"		333		334		342		341;
186		"ContElem"		334		335		343		342;
187		"ContElem"		335		336		344		343;
188		"ContElem"		336		337		345		344;
189		"ContElem"		337		338		346		345;
190		"ContElem"		338		339		347		346;
191		"ContElem"		339		340		348		347;
192		"ContElem"		340		16		17		348;
193		"ContElem"		204		341		187		178;
194		"ContElem"		341		342		188		187;
195		"ContElem"		342		343		189		188;
196		"ContElem"		343		344		190		189;
197		"ContElem"		344		345		191		190;
198		"ContElem"		345		346		192		191;
199		"ContElem"		346		347		193		192;
200		"ContElem"		347		348		194		193;
201		"ContElem"		348		17		18		194;
202		"ContElem"		73		74		372		355;
203		"ContElem"		74		75		373		372;
204		"ContElem"		75		76		374		373;
205		"ContElem"		76		2		38		374;
206		"ContElem"		355		372		375		354;
207		"ContElem"		372		373		376		375;
208		"ContElem"		373		374		377		376;
209		"ContElem"		374		38		37		377;
210		"ContElem"		354		375		378		353;
211		"ContElem"		375		376		379		378;
212		"ContElem"		376		377		380		379;
213		"ContElem"		377		37		36		380;
214		"ContElem"		353		378		352		349;
215		"ContElem"		378		379		351		352;
216		"ContElem"		379		380		350		351;
217		"ContElem"		380		36		35		350;
218		"ContElem"		35		34		381		350;
219		"ContElem"		34		33		382		381;
220		"ContElem"		33		32		383		382;
221		"ContElem"		32		31		384		383;
222		"ContElem"		31		30		385		384;
223		"ContElem"		30		29		386		385;
224		"ContElem"		29		28		387		386;
225		"ContElem"		28		27		388		387;
226		"ContElem"		27		1		77		388;
227		"ContElem"		350		381		389		351;
228		"ContElem"		381		382		390		389;
229		"ContElem"		382		383		391		390;
230		"ContElem"		383		384		392		391;
231		"ContElem"		384		385		393		392;
232		"ContElem"		385		386		394		393;
233		"ContElem"		386		387		395		394;
234		"ContElem"		387		388		396		395;
235		"ContElem"		388		77		78		396;
236		"ContElem"		351		389		397		352;
237		"ContElem"		389		390		398		397;
238		"ContElem"		390		391		399		398;
239		"ContElem"		391		392		400		399;
240		"ContElem"		392		393		401		400;
241		"ContElem"		393		394		402		401;
242		"ContElem"		394		395		403		402;
243		"ContElem"		395		396		404		403;
244		"ContElem"		396		78		79		404;
245		"ContElem"		352		397		363		349;
246		"ContElem"		397		398		362		363;
247		"ContElem"		398		399		361		362;
248		"ContElem"		399		400		360		361;
249		"ContElem"		400		401		359		360;
250		"ContElem"		401		402		358		359;
251		"ContElem"		402		403		357		358;
252		"ContElem"		403		404		356		357;
253		"ContElem"		404		79		80		356;
254		"ContElem"		80		81		405		356;
255		"ContElem"		81		82		406		405;
256		"ContElem"		82		83		407		406;
257		"ContElem"		83		84		408		407;
258		"ContElem"		84		85		409		408;
259		"ContElem"		85		6		86		409;
260		"ContElem"		356		405		410		357;
261		"ContElem"		405		406		411		410;
262		"ContElem"		406		407		412		411;
263		"ContElem"		407		408		413		412;
264		"ContElem"		408		409		414		413;
265		"ContElem"		409		86		87		414;
266		"ContElem"		357		410		415		358;
267		"ContElem"		410		411		416		415;
268		"ContElem"		411		412		417		416;
269		"ContElem"		412		413		418		417;
270		"ContElem"		413		414		419		418;
271		"ContElem"		414		87		88		419;
272		"ContElem"		358		415		420		359;
273		"ContElem"		415		416		421		420;
274		"ContElem"		416		417		422		421;
275		"ContElem"		417		418		423		422;
276		"ContElem"		418		419		424		423;
277		"ContElem"		419		88		89		424;
278		"ContElem"		359		420		425		360;
279		"ContElem"		420		421		426		425;
280		"ContElem"		421		422		427		426;
281		"ContElem"		422		423		428		427;
282		"ContElem"		423		424		429		428;
283		"ContElem"		424		89		90		429;
284		"ContElem"		360		425		430		361;
285		"ContElem"		425		426		431		430;
286		"ContElem"		426		427		432		431;
287		"ContElem"		427		428		433		432;
288		"ContElem"		428		429		434		433;
289		"ContElem"		429		90		91		434;
290		"ContElem"		361		430		435		362;
291		"ContElem"		430		431		436		435;
292		"ContElem"		431		432		437		436;
293		"ContElem"		432		433		438		437;
294		"ContElem"		433		434		439		438;
295		"ContElem"		434		91		92		439;
296		"ContElem"		362		435		440		363;
297		"ContElem"		435		436		441		440;
298		"ContElem"		436		437		442		441;
299		"ContElem"		437		438		443		442;
300		"ContElem"		438		439		444		443;
301		"ContElem"		439		92		93		444;
302		"ContElem"		363		440		368		349;
303		"ContElem"		440		441		367		368;
304		"ContElem"		441		442		366		367;
305		"ContElem"		442		443		365		366;
306		"ContElem"		443		444		364		365;
307		"ContElem"		444		93		94		364;
308		"ContElem"		94		95		445		364;
309		"ContElem"		95		96		446		445;
310		"ContElem"		96		97		447		446;
311		"ContElem"		97		7		98		447;
312		"ContElem"		364		445		448		365;
313		"ContElem"		445		446		449		448;
314		"ContElem"		446		447		450		449;
315		"ContElem"		447		98		99		450;
316		"ContElem"		365		448		451		366;
317		"ContElem"		448		449		452		451;
318		"ContElem"		449		450		453		452;
319		"ContElem"		450		99		100		453;
320		"ContElem"		366		451		454		367;
321		"ContElem"		451		452		455		454;
322		"ContElem"		452		453		456		455;
323		"ContElem"		453		100		101		456;
324		"ContElem"		367		454		457		368;
325		"ContElem"		454		455		458		457;
326		"ContElem"		455		456		459		458;
327		"ContElem"		456		101		102		459;
328		"ContElem"		368		457		371		349;
329		"ContElem"		457		458		370		371;
330		"ContElem"		458		459		369		370;
331		"ContElem"		459		102		103		369;
332		"ContElem"		103		104		460		369;
333		"ContElem"		104		105		461		460;
334		"ContElem"		105		106		462		461;
335		"ContElem"		106		8		70		462;
336		"ContElem"		369		460		463		370;
337		"ContElem"		460		461		464		463;
338		"ContElem"		461		462		465		464;
339		"ContElem"		462		70		71		465;
340		"ContElem"		370		463		466		371;
341		"ContElem"		463		464		467		466;
342		"ContElem"		464		465		468		467;
343		"ContElem"		465		71		72		468;
344		"ContElem"		371		466		353		349;
345		"ContElem"		466		467		354		353;
346		"ContElem"		467		468		355		354;
347		"ContElem"		468		72		73		355;
348		"ContElem"		109		110		496		480;
349		"ContElem"		110		111		497		496;
350		"ContElem"		111		112		498		497;
351		"ContElem"		112		113		499		498;
352		"ContElem"		113		114		500		499;
353		"ContElem"		114		115		501		500;
354		"ContElem"		115		116		502		501;
355		"ContElem"		116		117		503		502;
356		"ContElem"		117		9		118		503;
357		"ContElem"		480		496		504		479;
358		"ContElem"		496		497		505		504;
359		"ContElem"		497		498		506		505;
360		"ContElem"		498		499		507		506;
361		"ContElem"		499		500		508		507;
362		"ContElem"		500		501		509		508;
363		"ContElem"		501		502		510		509;
364		"ContElem"		502		503		511		510;
365		"ContElem"		503		118		119		511;
366		"ContElem"		479		504		512		478;
367		"ContElem"		504		505		513		512;
368		"ContElem"		505		506		514		513;
369		"ContElem"		506		507		515		514;
370		"ContElem"		507		508		516		515;
371		"ContElem"		508		509		517		516;
372		"ContElem"		509		510		518		517;
373		"ContElem"		510		511		519		518;
374		"ContElem"		511		119		120		519;
375		"ContElem"		478		512		477		469;
376		"ContElem"		512		513		476		477;
377		"ContElem"		513		514		475		476;
378		"ContElem"		514		515		474		475;
379		"ContElem"		515		516		473		474;
380		"ContElem"		516		517		472		473;
381		"ContElem"		517		518		471		472;
382		"ContElem"		518		519		470		471;
383		"ContElem"		519		120		121		470;
384		"ContElem"		121		122		520		470;
385		"ContElem"		122		123		521		520;
386		"ContElem"		123		124		522		521;
387		"ContElem"		124		125		523		522;
388		"ContElem"		125		126		524		523;
389		"ContElem"		126		127		525		524;
390		"ContElem"		127		128		526		525;
391		"ContElem"		128		129		527		526;
392		"ContElem"		129		10		130		527;
393		"ContElem"		470		520		528		471;
394		"ContElem"		520		521		529		528;
395		"ContElem"		521		522		530		529;
396		"ContElem"		522		523		531		530;
397		"ContElem"		523		524		532		531;
398		"ContElem"		524		525		533		532;
399		"ContElem"		525		526		534		533;
400		"ContElem"		526		527		535		534;
401		"ContElem"		527		130		131		535;
402		"ContElem"		471		528		536		472;
403		"ContElem"		528		529		537		536;
404		"ContElem"		529		530		538		537;
405		"ContElem"		530		531		539		538;
406		"ContElem"		531		532		540		539;
407		"ContElem"		532		533		541		540;
408		"ContElem"		533		534		542		541;
409		"ContElem"		534		535		543		542;
410		"ContElem"		535		131		132		543;
411		"ContElem"		472		536		544		473;
412		"ContElem"		536		537		545		544;
413		"ContElem"		537		538		546		545;
414		"ContElem"		538		539		547		546;
415		"ContElem"		539		540		548		547;
416		"ContElem"		540		541		549		548;
417		"ContElem"		541		542		550		549;
418		"ContElem"		542		543		551		550;
419		"ContElem"		543		132		133		551;
420		"ContElem"		473		544		552		474;
421		"ContElem"		544		545		553		552;
422		"ContElem"		545		546		554		553;
423		"ContElem"		546		547		555		554;
424		"ContElem"		547		548		556		555;
425		"ContElem"		548		549		557		556;
426		"ContElem"		549		550		558		557;
427		"ContElem"		550		551		559		558;
428		"ContElem"		551		133		134		559;
429		"ContElem"		474		552		560		475;
430		"ContElem"		552		553		561		560;
431		"ContElem"		553		554		562		561;
432		"ContElem"		554		555		563		562;
433		"ContElem"		555		556		564		563;
434		"ContElem"		556		557		565		564;
435		"ContElem"		557		558		566		565;
436		"ContElem"		558		559		567		566;
437		"ContElem"		559		134		135		567;
438		"ContElem"		475		560		568		476;
439		"ContElem"		560		561		569		568;
440		"ContElem"		561		562		570		569;
441		"ContElem"		562		563		571		570;
442		"ContElem"		563		564		572		571;
443		"ContElem"		564		565		573		572;
444		"ContElem"		565		566		574		573;
445		"ContElem"		566		567		575		574;
446		"ContElem"		567		135		136		575;
447		"ContElem"		476		568		576		477;
448		"ContElem"		568		569		577		576;
449		"ContElem"		569		570		578		577;
450		"ContElem"		570		571		579		578;
451		"ContElem"		571		572		580		579;
452		"ContElem"		572		573		581		580;
453		"ContElem"		573		574		582		581;
454		"ContElem"		574		575		583		582;
455		"ContElem"		575		136		137		583;
456		"ContElem"		477		576		488		469;
457		"ContElem"		576		577		487		488;
458		"ContElem"		577		578		486		487;
459		"ContElem"		578		579		485		486;
460		"ContElem"		579		580		484		485;
461		"ContElem"		580		581		483		484;
462		"ContElem"		581		582		482		483;
463		"ContElem"		582		583		481		482;
464		"ContElem"		583		137		138		481;
465		"ContElem"		138		139		584		481;
466		"ContElem"		139		140		585		584;
467		"ContElem"		140		141		586		585;
468		"ContElem"		141		142		587		586;
469		"ContElem"		142		143		588		587;
470		"ContElem"		143		5		69		588;
471		"ContElem"		481		584		589		482;
472		"ContElem"		584		585		590		589;
473		"ContElem"		585		586		591		590;
474		"ContElem"		586		587		592		591;
475		"ContElem"		587		588		593		592;
476		"ContElem"		588		69		68		593;
477		"ContElem"		482		589		594		483;
478		"ContElem"		589		590		595		594;
479		"ContElem"		590		591		596		595;
480		"ContElem"		591		592		597		596;
481		"ContElem"		592		593		598		597;
482		"ContElem"		593		68		67		598;
483		"ContElem"		483		594		599		484;
484		"ContElem"		594		595		600		599;
485		"ContElem"		595		596		601		600;
486		"ContElem"		596		597		602		601;
487		"ContElem"		597		598		603		602;
488		"ContElem"		598		67		66		603;
489		"ContElem"		484		599		604		485;
490		"ContElem"		599		600		605		604;
491		"ContElem"		600		601		606		605;
492		"ContElem"		601		602		607		606;
493		"ContElem"		602		603		608		607;
494		"ContElem"		603		66		65		608;
495		"ContElem"		485		604		609		486;
496		"ContElem"		604		605		610		609;
497		"ContElem"		605		606		611		610;
498		"ContElem"		606		607		612		611;
499		"ContElem"		607		608		613		612;
500		"ContElem"		608		65		64		613;
501		"ContElem"		486		609		614		487;
502		"ContElem"		609		610		615		614;
503		"ContElem"		610		611		616		615;
504		"ContElem"		611		612		617		616;
505		"ContElem"		612		613		618		617;
506		"ContElem"		613		64		63		618;
507		"ContElem"		487		614		619		488;
508		"ContElem"		614		615		620		619;
509		"ContElem"		615		616		621		620;
510		"ContElem"		616		617		622		621;
511		"ContElem"		617		618		623		622;
512		"ContElem"		618		63		62		623;
513		"ContElem"		488		619		493		469;
514		"ContElem"		619		620		492		493;
515		"ContElem"		620		621		491		492;
516		"ContElem"		621		622		490		491;
517		"ContElem"		622		623		489		490;
518		"ContElem"		623		62		61		489;
519		"ContElem"		61		60		624		489;
520		"ContElem"		60		59		625		624;
521		"ContElem"		59		4		144		625;
522		"ContElem"		489		624		626		490;
523		"ContElem"		624		625		627		626;
524		"ContElem"		625		144		145		627;
525		"ContElem"		490		626		628		491;
526		"ContElem"		626		627		629		628;
527		"ContElem"		627		145		146		629;
528		"ContElem"		491		628		630		492;
529		"ContElem"		628		629		631		630;
530		"ContElem"		629		146		147		631;
531		"ContElem"		492		630		632		493;
532		"ContElem"		630		631		633		632;
533		"ContElem"		631		147		148		633;
534		"ContElem"		493		632		495		469;
535		"ContElem"		632		633		494		495;
536		"ContElem"		633		148		149		494;
537		"ContElem"		149		150		634		494;
538		"ContElem"		150		151		635		634;
539		"ContElem"		151		152		636		635;
540		"ContElem"		152		11		107		636;
541		"ContElem"		494		634		637		495;
542		"ContElem"		634		635		638		637;
543		"ContElem"		635		636		639		638;
544		"ContElem"		636		107		108		639;
545		"ContElem"		495		637		478		469;
546		"ContElem"		637		638		479		478;
547		"ContElem"		638		639		480		479;
548		"ContElem"		639		108		109		480;
549		"ContElem"		158		159		663		651;
550		"ContElem"		159		160		664		663;
551		"ContElem"		160		161		665		664;
552		"ContElem"		161		10		129		665;
553		"ContElem"		651		663		666		650;
554		"ContElem"		663		664		667		666;
555		"ContElem"		664		665		668		667;
556		"ContElem"		665		129		128		668;
557		"ContElem"		650		666		669		649;
558		"ContElem"		666		667		670		669;
559		"ContElem"		667		668		671		670;
560		"ContElem"		668		128		127		671;
561		"ContElem"		649		669		672		648;
562		"ContElem"		669		670		673		672;
563		"ContElem"		670		671		674		673;
564		"ContElem"		671		127		126		674;
565		"ContElem"		648		672		675		647;
566		"ContElem"		672		673		676		675;
567		"ContElem"		673		674		677		676;
568		"ContElem"		674		126		125		677;
569		"ContElem"		647		675		678		646;
570		"ContElem"		675		676		679		678;
571		"ContElem"		676		677		680		679;
572		"ContElem"		677		125		124		680;
573		"ContElem"		646		678		681		645;
574		"ContElem"		678		679		682		681;
575		"ContElem"		679		680		683		682;
576		"ContElem"		680		124		123		683;
577		"ContElem"		645		681		684		644;
578		"ContElem"		681		682		685		684;
579		"ContElem"		682		683		686		685;
580		"ContElem"		683		123		122		686;
581		"ContElem"		644		684		643		640;
582		"ContElem"		684		685		642		643;
583		"ContElem"		685		686		641		642;
584		"ContElem"		686		122		121		641;
585		"ContElem"		121		120		687		641;
586		"ContElem"		120		119		688		687;
587		"ContElem"		119		118		689		688;
588		"ContElem"		118		9		162		689;
589		"ContElem"		641		687		690		642;
590		"ContElem"		687		688		691		690;
591		"ContElem"		688		689		692		691;
592		"ContElem"		689		162		163		692;
593		"ContElem"		642		690		693		643;
594		"ContElem"		690		691		694		693;
595		"ContElem"		691		692		695		694;
596		"ContElem"		692		163		164		695;
597		"ContElem"		643		693		654		640;
598		"ContElem"		693		694		653		654;
599		"ContElem"		694		695		652		653;
600		"ContElem"		695		164		165		652;
601		"ContElem"		165		166		696		652;
602		"ContElem"		166		167		697		696;
603		"ContElem"		167		168		698		697;
604		"ContElem"		168		12		169		698;
605		"ContElem"		652		696		699		653;
606		"ContElem"		696		697		700		699;
607		"ContElem"		697		698		701		700;
608		"ContElem"		698		169		170		701;
609		"ContElem"		653		699		702		654;
610		"ContElem"		699		700		703		702;
611		"ContElem"		700		701		704		703;
612		"ContElem"		701		170		171		704;
613		"ContElem"		654		702		657		640;
614		"ContElem"		702		703		656		657;
615		"ContElem"		703		704		655		656;
616		"ContElem"		704		171		172		655;
617		"ContElem"		172		173		705		655;
618		"ContElem"		173		174		706		705;
619		"ContElem"		174		175		707		706;
620		"ContElem"		175		176		708		707;
621		"ContElem"		176		177		709		708;
622		"ContElem"		177		7		97		709;
623		"ContElem"		655		705		710		656;
624		"ContElem"		705		706		711		710;
625		"ContElem"		706		707		712		711;
626		"ContElem"		707		708		713		712;
627		"ContElem"		708		709		714		713;
628		"ContElem"		709		97		96		714;
629		"ContElem"		656		710		715		657;
630		"ContElem"		710		711		716		715;
631		"ContElem"		711		712		717		716;
632		"ContElem"		712		713		718		717;
633		"ContElem"		713		714		719		718;
634		"ContElem"		714		96		95		719;
635		"ContElem"		657		715		662		640;
636		"ContElem"		715		716		661		662;
637		"ContElem"		716		717		660		661;
638		"ContElem"		717		718		659		660;
639		"ContElem"		718		719		658		659;
640		"ContElem"		719		95		94		658;
641		"ContElem"		94		93		720		658;
642		"ContElem"		93		92		721		720;
643		"ContElem"		92		91		722		721;
644		"ContElem"		91		90		723		722;
645		"ContElem"		90		89		724		723;
646		"ContElem"		89		88		725		724;
647		"ContElem"		88		87		726		725;
648		"ContElem"		87		86		727		726;
649		"ContElem"		86		6		153		727;
650		"ContElem"		658		720		728		659;
651		"ContElem"		720		721		729		728;
652		"ContElem"		721		722		730		729;
653		"ContElem"		722		723		731		730;
654		"ContElem"		723		724		732		731;
655		"ContElem"		724		725		733		732;
656		"ContElem"		725		726		734		733;
657		"ContElem"		726		727		735		734;
658		"ContElem"		727		153		154		735;
659		"ContElem"		659		728		736		660;
660		"ContElem"		728		729		737		736;
661		"ContElem"		729		730		738		737;
662		"ContElem"		730		731		739		738;
663		"ContElem"		731		732		740		739;
664		"ContElem"		732		733		741		740;
665		"ContElem"		733		734		742		741;
666		"ContElem"		734		735		743		742;
667		"ContElem"		735		154		155		743;
668		"ContElem"		660		736		744		661;
669		"ContElem"		736		737		745		744;
670		"ContElem"		737		738		746		745;
671		"ContElem"		738		739		747		746;
672		"ContElem"		739		740		748		747;
673		"ContElem"		740		741		749		748;
674		"ContElem"		741		742		750		749;
675		"ContElem"		742		743		751		750;
676		"ContElem"		743		155		156		751;
677		"ContElem"		661		744		752		662;
678		"ContElem"		744		745		753		752;
679		"ContElem"		745		746		754		753;
680		"ContElem"		746		747		755		754;
681		"ContElem"		747		748		756		755;
682		"ContElem"		748		749		757		756;
683		"ContElem"		749		750		758		757;
684		"ContElem"		750		751		759		758;
685		"ContElem"		751		156		157		759;
686		"ContElem"		662		752		644		640;
687		"ContElem"		752		753		645		644;
688		"ContElem"		753		754		646		645;
689		"ContElem"		754		755		647		646;
690		"ContElem"		755		756		648		647;
691		"ContElem"		756		757		649		648;
692		"ContElem"		757		758		650		649;
693		"ContElem"		758		759		651		650;
694		"ContElem"		759		157		158		651;
</Elements>

<NodeConstraints>
 u[1] = 0;
 v[1] = 0.05;
 u[2] = 0;
 v[2] = 0.05;
 u[7] = 0;
 v[7] = 0.05;
 u[38] = 0;
 v[38] = 0.05;
 u[39] = 0;
 v[39] = 0.05;
 u[40] = 0;
 v[40] = 0.05;
 u[41] = 0;
 v[41] = 0.05;
 u[42] = 0;
 v[42] = 0.05;
 u[43] = 0;
 v[43] = 0.05;
 u[44] = 0;
 v[44] = 0.05;
 u[45] = 0;
 v[45] = 0.05;
 u[46] = 0;
 v[46] = 0.05;
 u[47] = 0;
 v[47] = 0.05;
 u[48] = 0;
 v[48] = 0.05;
 u[69] = 0;
 v[69] = 0.05;
 u[70] = 0;
 v[70] = 0.05;
 u[71] = 0;
 v[71] = 0.05;
 u[72] = 0;
 v[72] = 0.05;
 u[73] = 0;
 v[73] = 0.05;
 u[74] = 0;
 v[74] = 0.05;
 u[75] = 0;
 v[75] = 0.05;
 u[8] = 0;
 v[8] = -0.05;
 u[10] = 0;
 v[10] = -0.05;
 u[11] = 0;
 v[11] = -0.05;
 u[106] = 0;
 v[106] = -0.05;
 u[107] = 0;
 v[107] = -0.05;
 u[108] = 0;
 v[108] = -0.05;
 u[109] = 0;
 v[109] = -0.05;
 u[110] = 0;
 v[110] = -0.05;
 u[111] = 0;
 v[111] = -0.05;
 u[112] = 0;
 v[112] = -0.05;
 u[113] = 0;
 v[113] = -0.05;
 u[114] = 0;
 v[114] = -0.05;
 u[115] = 0;
 v[115] = -0.05;
 u[116] = 0;
 v[116] = -0.05;
 u[161] = 0;
 v[161] = -0.05;
 u[162] = 0;
 v[162] = -0.05;
 u[163] = 0;
 v[163] = -0.05;
 u[164] = 0;
 v[164] = -0.05;
 u[165] = 0;
 v[165] = -0.05;
 u[166] = 0;
 v[166] = -0.05;
 u[167] = 0;
 v[167] = -0.05;
</NodeConstraints>

<ExternalForces>
</ExternalForces>