<Nodes>
0		0.0		5.0;
1		0.0		4.61538458;
2		0.0		4.23076916;
3		0.0		3.84615374;
4		0.0		3.46153855;
5		0.0		3.07692313;
6		0.0		2.69230771;
7		0.0		2.30769229;
8		0.0		1.92307687;
9		0.0		1.53846157;
10		0.0		1.15384614;
11		0.0		0.769230783;
12		0.0		0.384615391;
13		0.0		0.0;
14		0.400000006		5.0;
15		0.400000006		4.61538458;
16		0.400000006		4.23076916;
17		0.400000006		3.84615374;
18		0.400000006		3.46153855;
19		0.400000006		3.07692313;
20		0.400000006		2.69230771;
21		0.400000006		2.30769229;
22		0.400000006		1.92307687;
23		0.400000006		1.53846157;
24		0.400000006		1.15384614;
25		0.400000006		0.769230783;
26		0.400000006		0.384615391;
27		0.400000006		0.0;
28		0.800000012		5.0;
29		0.800000012		4.61538458;
30		0.800000012		4.23076916;
31		0.800000012		3.84615374;
32		0.800000012		3.46153855;
33		0.800000012		3.07692313;
34		0.800000012		2.69230771;
35		0.800000012		2.30769229;
36		0.800000012		1.92307687;
37		0.800000012		1.53846157;
38		0.800000012		1.15384614;
39		0.800000012		0.769230783;
40		0.800000012		0.384615391;
41		0.800000012		0.0;
42		1.20000005		5.0;
43		1.20000005		4.61538458;
44		1.20000005		4.23076916;
45		1.20000005		3.84615374;
46		1.20000005		3.46153855;
47		1.20000005		3.07692313;
48		1.20000005		2.69230771;
49		1.20000005		2.30769229;
50		1.20000005		1.92307687;
51		1.20000005		1.53846157;
52		1.20000005		1.15384614;
53		1.20000005		0.769230783;
54		1.20000005		0.384615391;
55		1.20000005		0.0;
56		1.60000002		5.0;
57		1.60000002		4.61538458;
58		1.60000002		4.23076916;
59		1.60000002		3.84615374;
60		1.60000002		3.46153855;
61		1.60000002		3.07692313;
62		1.60000002		2.69230771;
63		1.60000002		2.30769229;
64		1.60000002		1.92307687;
65		1.60000002		1.53846157;
66		1.60000002		1.15384614;
67		1.60000002		0.769230783;
68		1.60000002		0.384615391;
69		1.60000002		0.0;
70		2.0		5.0;
71		2.0		4.61538458;
72		2.0		4.23076916;
73		2.0		3.84615374;
74		2.0		3.46153855;
75		2.0		3.07692313;
76		2.0		2.69230771;
77		2.0		2.30769229;
78		2.0		1.92307687;
79		2.0		1.53846157;
80		2.0		1.15384614;
81		2.0		0.769230783;
82		2.0		0.384615391;
83		2.0		0.0;
84		2.4000001		5.0;
85		2.4000001		4.61538458;
86		2.4000001		4.23076916;
87		2.4000001		3.84615374;
88		2.4000001		3.46153855;
89		2.4000001		3.07692313;
90		2.4000001		2.69230771;
91		2.4000001		2.30769229;
92		2.4000001		1.92307687;
93		2.4000001		1.53846157;
94		2.4000001		1.15384614;
95		2.4000001		0.769230783;
96		2.4000001		0.384615391;
97		2.4000001		0.0;
98		2.79999995		5.0;
99		2.79999995		4.61538458;
100		2.79999995		4.23076916;
101		2.79999995		3.84615374;
102		2.79999995		3.46153855;
103		2.79999995		3.07692313;
104		2.79999995		2.69230771;
105		2.79999995		2.30769229;
106		2.79999995		1.92307687;
107		2.79999995		1.53846157;
108		2.79999995		1.15384614;
109		2.79999995		0.769230783;
110		2.79999995		0.384615391;
111		2.79999995		0.0;
112		3.20000005		5.0;
113		3.20000005		4.61538458;
114		3.20000005		4.23076916;
115		3.20000005		3.84615374;
116		3.20000005		3.46153855;
117		3.20000005		3.07692313;
118		3.20000005		2.69230771;
119		3.20000005		2.30769229;
120		3.20000005		1.92307687;
121		3.20000005		1.53846157;
122		3.20000005		1.15384614;
123		3.20000005		0.769230783;
124		3.20000005		0.384615391;
125		3.20000005		0.0;
126		3.5999999		5.0;
127		3.5999999		4.61538458;
128		3.5999999		4.23076916;
129		3.5999999		3.84615374;
130		3.5999999		3.46153855;
131		3.5999999		3.07692313;
132		3.5999999		2.69230771;
133		3.5999999		2.30769229;
134		3.5999999		1.92307687;
135		3.5999999		1.53846157;
136		3.5999999		1.15384614;
137		3.5999999		0.769230783;
138		3.5999999		0.384615391;
139		3.5999999		0.0;
140		4.0		5.0;
141		4.0		4.61538458;
142		4.0		4.23076916;
143		4.0		3.84615374;
144		4.0		3.46153855;
145		4.0		3.07692313;
146		4.0		2.69230771;
147		4.0		2.30769229;
148		4.0		1.92307687;
149		4.0		1.53846157;
150		4.0		1.15384614;
151		4.0		0.769230783;
152		4.0		0.384615391;
153		4.0		0.0;
154		4.4000001		5.0;
155		4.4000001		4.61538458;
156		4.4000001		4.23076916;
157		4.4000001		3.84615374;
158		4.4000001		3.46153855;
159		4.4000001		3.07692313;
160		4.4000001		2.69230771;
161		4.4000001		2.30769229;
162		4.4000001		1.92307687;
163		4.4000001		1.53846157;
164		4.4000001		1.15384614;
165		4.4000001		0.769230783;
166		4.4000001		0.384615391;
167		4.4000001		0.0;
168		4.80000019		5.0;
169		4.80000019		4.61538458;
170		4.80000019		4.23076916;
171		4.80000019		3.84615374;
172		4.80000019		3.46153855;
173		4.80000019		3.07692313;
174		4.80000019		2.69230771;
175		4.80000019		2.30769229;
176		4.80000019		1.92307687;
177		4.80000019		1.53846157;
178		4.80000019		1.15384614;
179		4.80000019		0.769230783;
180		4.80000019		0.384615391;
181		4.80000019		0.0;
182		5.19999981		5.0;
183		5.19999981		4.61538458;
184		5.19999981		4.23076916;
185		5.19999981		3.84615374;
186		5.19999981		3.46153855;
187		5.19999981		3.07692313;
188		5.19999981		2.69230771;
189		5.19999981		2.30769229;
190		5.19999981		1.92307687;
191		5.19999981		1.53846157;
192		5.19999981		1.15384614;
193		5.19999981		0.769230783;
194		5.19999981		0.384615391;
195		5.19999981		0.0;
196		5.5999999		5.0;
197		5.5999999		4.61538458;
198		5.5999999		4.23076916;
199		5.5999999		3.84615374;
200		5.5999999		3.46153855;
201		5.5999999		3.07692313;
202		5.5999999		2.69230771;
203		5.5999999		2.30769229;
204		5.5999999		1.92307687;
205		5.5999999		1.53846157;
206		5.5999999		1.15384614;
207		5.5999999		0.769230783;
208		5.5999999		0.384615391;
209		5.5999999		0.0;
210		6.0		5.0;
211		6.0		4.61538458;
212		6.0		4.23076916;
213		6.0		3.84615374;
214		6.0		3.46153855;
215		6.0		3.07692313;
216		6.0		2.69230771;
217		6.0		2.30769229;
218		6.0		1.92307687;
219		6.0		1.53846157;
220		6.0		1.15384614;
221		6.0		0.769230783;
222		6.0		0.384615391;
223		6.0		0.0;
224		6.4000001		5.0;
225		6.4000001		4.61538458;
226		6.4000001		4.23076916;
227		6.4000001		3.84615374;
228		6.4000001		3.46153855;
229		6.4000001		3.07692313;
230		6.4000001		2.69230771;
231		6.4000001		2.30769229;
232		6.4000001		1.92307687;
233		6.4000001		1.53846157;
234		6.4000001		1.15384614;
235		6.4000001		0.769230783;
236		6.4000001		0.384615391;
237		6.4000001		0.0;
238		6.80000019		5.0;
239		6.80000019		4.61538458;
240		6.80000019		4.23076916;
241		6.80000019		3.84615374;
242		6.80000019		3.46153855;
243		6.80000019		3.07692313;
244		6.80000019		2.69230771;
245		6.80000019		2.30769229;
246		6.80000019		1.92307687;
247		6.80000019		1.53846157;
248		6.80000019		1.15384614;
249		6.80000019		0.769230783;
250		6.80000019		0.384615391;
251		6.80000019		0.0;
252		7.19999981		5.0;
253		7.19999981		4.61538458;
254		7.19999981		4.23076916;
255		7.19999981		3.84615374;
256		7.19999981		3.46153855;
257		7.19999981		3.07692313;
258		7.19999981		2.69230771;
259		7.19999981		2.30769229;
260		7.19999981		1.92307687;
261		7.19999981		1.53846157;
262		7.19999981		1.15384614;
263		7.19999981		0.769230783;
264		7.19999981		0.384615391;
265		7.19999981		0.0;
266		7.5999999		5.0;
267		7.5999999		4.61538458;
268		7.5999999		4.23076916;
269		7.5999999		3.84615374;
270		7.5999999		3.46153855;
271		7.5999999		3.07692313;
272		7.5999999		2.69230771;
273		7.5999999		2.30769229;
274		7.5999999		1.92307687;
275		7.5999999		1.53846157;
276		7.5999999		1.15384614;
277		7.5999999		0.769230783;
278		7.5999999		0.384615391;
279		7.5999999		0.0;
280		8.0		5.0;
281		8.0		4.61538458;
282		8.0		4.23076916;
283		8.0		3.84615374;
284		8.0		3.46153855;
285		8.0		3.07692313;
286		8.0		2.69230771;
287		8.0		2.30769229;
288		8.0		1.92307687;
289		8.0		1.53846157;
290		8.0		1.15384614;
291		8.0		0.769230783;
292		8.0		0.384615391;
293		8.0		0.0;
294		8.39999962		5.0;
295		8.39999962		4.61538458;
296		8.39999962		4.23076916;
297		8.39999962		3.84615374;
298		8.39999962		3.46153855;
299		8.39999962		3.07692313;
300		8.39999962		2.69230771;
301		8.39999962		2.30769229;
302		8.39999962		1.92307687;
303		8.39999962		1.53846157;
304		8.39999962		1.15384614;
305		8.39999962		0.769230783;
306		8.39999962		0.384615391;
307		8.39999962		0.0;
308		8.80000019		5.0;
309		8.80000019		4.61538458;
310		8.80000019		4.23076916;
311		8.80000019		3.84615374;
312		8.80000019		3.46153855;
313		8.80000019		3.07692313;
314		8.80000019		2.69230771;
315		8.80000019		2.30769229;
316		8.80000019		1.92307687;
317		8.80000019		1.53846157;
318		8.80000019		1.15384614;
319		8.80000019		0.769230783;
320		8.80000019		0.384615391;
321		8.80000019		0.0;
322		9.19999981		5.0;
323		9.19999981		4.61538458;
324		9.19999981		4.23076916;
325		9.19999981		3.84615374;
326		9.19999981		3.46153855;
327		9.19999981		3.07692313;
328		9.19999981		2.69230771;
329		9.19999981		2.30769229;
330		9.19999981		1.92307687;
331		9.19999981		1.53846157;
332		9.19999981		1.15384614;
333		9.19999981		0.769230783;
334		9.19999981		0.384615391;
335		9.19999981		0.0;
336		9.60000038		5.0;
337		9.60000038		4.61538458;
338		9.60000038		4.23076916;
339		9.60000038		3.84615374;
340		9.60000038		3.46153855;
341		9.60000038		3.07692313;
342		9.60000038		2.69230771;
343		9.60000038		2.30769229;
344		9.60000038		1.92307687;
345		9.60000038		1.53846157;
346		9.60000038		1.15384614;
347		9.60000038		0.769230783;
348		9.60000038		0.384615391;
349		9.60000038		0.0;
350		10.0		5.0;
351		10.0		4.61538458;
352		10.0		4.23076916;
353		10.0		3.84615374;
354		10.0		3.46153855;
355		10.0		3.07692313;
356		10.0		2.69230771;
357		10.0		2.30769229;
358		10.0		1.92307687;
359		10.0		1.53846157;
360		10.0		1.15384614;
361		10.0		0.769230783;
362		10.0		0.384615391;
363		10.0		0.0;
364		10.3999996		5.0;
365		10.3999996		4.61538458;
366		10.3999996		4.23076916;
367		10.3999996		3.84615374;
368		10.3999996		3.46153855;
369		10.3999996		3.07692313;
370		10.3999996		2.69230771;
371		10.3999996		2.30769229;
372		10.3999996		1.92307687;
373		10.3999996		1.53846157;
374		10.3999996		1.15384614;
375		10.3999996		0.769230783;
376		10.3999996		0.384615391;
377		10.3999996		0.0;
378		10.8000002		5.0;
379		10.8000002		4.61538458;
380		10.8000002		4.23076916;
381		10.8000002		3.84615374;
382		10.8000002		3.46153855;
383		10.8000002		3.07692313;
384		10.8000002		2.69230771;
385		10.8000002		2.30769229;
386		10.8000002		1.92307687;
387		10.8000002		1.53846157;
388		10.8000002		1.15384614;
389		10.8000002		0.769230783;
390		10.8000002		0.384615391;
391		10.8000002		0.0;
392		11.1999998		5.0;
393		11.1999998		4.61538458;
394		11.1999998		4.23076916;
395		11.1999998		3.84615374;
396		11.1999998		3.46153855;
397		11.1999998		3.07692313;
398		11.1999998		2.69230771;
399		11.1999998		2.30769229;
400		11.1999998		1.92307687;
401		11.1999998		1.53846157;
402		11.1999998		1.15384614;
403		11.1999998		0.769230783;
404		11.1999998		0.384615391;
405		11.1999998		0.0;
406		11.6000004		5.0;
407		11.6000004		4.61538458;
408		11.6000004		4.23076916;
409		11.6000004		3.84615374;
410		11.6000004		3.46153855;
411		11.6000004		3.07692313;
412		11.6000004		2.69230771;
413		11.6000004		2.30769229;
414		11.6000004		1.92307687;
415		11.6000004		1.53846157;
416		11.6000004		1.15384614;
417		11.6000004		0.769230783;
418		11.6000004		0.384615391;
419		11.6000004		0.0;
420		12.0		5.0;
421		12.0		4.61538458;
422		12.0		4.23076916;
423		12.0		3.84615374;
424		12.0		3.46153855;
425		12.0		3.07692313;
426		12.0		2.69230771;
427		12.0		2.30769229;
428		12.0		1.92307687;
429		12.0		1.53846157;
430		12.0		1.15384614;
431		12.0		0.769230783;
432		12.0		0.384615391;
433		12.0		0.0;
434		12.3999996		5.0;
435		12.3999996		4.61538458;
436		12.3999996		4.23076916;
437		12.3999996		3.84615374;
438		12.3999996		3.46153855;
439		12.3999996		3.07692313;
440		12.3999996		2.69230771;
441		12.3999996		2.30769229;
442		12.3999996		1.92307687;
443		12.3999996		1.53846157;
444		12.3999996		1.15384614;
445		12.3999996		0.769230783;
446		12.3999996		0.384615391;
447		12.3999996		0.0;
448		12.8000002		5.0;
449		12.8000002		4.61538458;
450		12.8000002		4.23076916;
451		12.8000002		3.84615374;
452		12.8000002		3.46153855;
453		12.8000002		3.07692313;
454		12.8000002		2.69230771;
455		12.8000002		2.30769229;
456		12.8000002		1.92307687;
457		12.8000002		1.53846157;
458		12.8000002		1.15384614;
459		12.8000002		0.769230783;
460		12.8000002		0.384615391;
461		12.8000002		0.0;
462		13.1999998		5.0;
463		13.1999998		4.61538458;
464		13.1999998		4.23076916;
465		13.1999998		3.84615374;
466		13.1999998		3.46153855;
467		13.1999998		3.07692313;
468		13.1999998		2.69230771;
469		13.1999998		2.30769229;
470		13.1999998		1.92307687;
471		13.1999998		1.53846157;
472		13.1999998		1.15384614;
473		13.1999998		0.769230783;
474		13.1999998		0.384615391;
475		13.1999998		0.0;
476		13.6000004		5.0;
477		13.6000004		4.61538458;
478		13.6000004		4.23076916;
479		13.6000004		3.84615374;
480		13.6000004		3.46153855;
481		13.6000004		3.07692313;
482		13.6000004		2.69230771;
483		13.6000004		2.30769229;
484		13.6000004		1.92307687;
485		13.6000004		1.53846157;
486		13.6000004		1.15384614;
487		13.6000004		0.769230783;
488		13.6000004		0.384615391;
489		13.6000004		0.0;
490		14.0		5.0;
491		14.0		4.61538458;
492		14.0		4.23076916;
493		14.0		3.84615374;
494		14.0		3.46153855;
495		14.0		3.07692313;
496		14.0		2.69230771;
497		14.0		2.30769229;
498		14.0		1.92307687;
499		14.0		1.53846157;
500		14.0		1.15384614;
501		14.0		0.769230783;
502		14.0		0.384615391;
503		14.0		0.0;
504		14.3999996		5.0;
505		14.3999996		4.61538458;
506		14.3999996		4.23076916;
507		14.3999996		3.84615374;
508		14.3999996		3.46153855;
509		14.3999996		3.07692313;
510		14.3999996		2.69230771;
511		14.3999996		2.30769229;
512		14.3999996		1.92307687;
513		14.3999996		1.53846157;
514		14.3999996		1.15384614;
515		14.3999996		0.769230783;
516		14.3999996		0.384615391;
517		14.3999996		0.0;
518		14.8000002		5.0;
519		14.8000002		4.61538458;
520		14.8000002		4.23076916;
521		14.8000002		3.84615374;
522		14.8000002		3.46153855;
523		14.8000002		3.07692313;
524		14.8000002		2.69230771;
525		14.8000002		2.30769229;
526		14.8000002		1.92307687;
527		14.8000002		1.53846157;
528		14.8000002		1.15384614;
529		14.8000002		0.769230783;
530		14.8000002		0.384615391;
531		14.8000002		0.0;
532		15.1999998		5.0;
533		15.1999998		4.61538458;
534		15.1999998		4.23076916;
535		15.1999998		3.84615374;
536		15.1999998		3.46153855;
537		15.1999998		3.07692313;
538		15.1999998		2.69230771;
539		15.1999998		2.30769229;
540		15.1999998		1.92307687;
541		15.1999998		1.53846157;
542		15.1999998		1.15384614;
543		15.1999998		0.769230783;
544		15.1999998		0.384615391;
545		15.1999998		0.0;
546		15.6000004		5.0;
547		15.6000004		4.61538458;
548		15.6000004		4.23076916;
549		15.6000004		3.84615374;
550		15.6000004		3.46153855;
551		15.6000004		3.07692313;
552		15.6000004		2.69230771;
553		15.6000004		2.30769229;
554		15.6000004		1.92307687;
555		15.6000004		1.53846157;
556		15.6000004		1.15384614;
557		15.6000004		0.769230783;
558		15.6000004		0.384615391;
559		15.6000004		0.0;
560		16.0		5.0;
561		16.0		4.61538458;
562		16.0		4.23076916;
563		16.0		3.84615374;
564		16.0		3.46153855;
565		16.0		3.07692313;
566		16.0		2.69230771;
567		16.0		2.30769229;
568		16.0		1.92307687;
569		16.0		1.53846157;
570		16.0		1.15384614;
571		16.0		0.769230783;
572		16.0		0.384615391;
573		16.0		0.0;
574		16.3999996		5.0;
575		16.3999996		4.61538458;
576		16.3999996		4.23076916;
577		16.3999996		3.84615374;
578		16.3999996		3.46153855;
579		16.3999996		3.07692313;
580		16.3999996		2.69230771;
581		16.3999996		2.30769229;
582		16.3999996		1.92307687;
583		16.3999996		1.53846157;
584		16.3999996		1.15384614;
585		16.3999996		0.769230783;
586		16.3999996		0.384615391;
587		16.3999996		0.0;
588		16.7999992		5.0;
589		16.7999992		4.61538458;
590		16.7999992		4.23076916;
591		16.7999992		3.84615374;
592		16.7999992		3.46153855;
593		16.7999992		3.07692313;
594		16.7999992		2.69230771;
595		16.7999992		2.30769229;
596		16.7999992		1.92307687;
597		16.7999992		1.53846157;
598		16.7999992		1.15384614;
599		16.7999992		0.769230783;
600		16.7999992		0.384615391;
601		16.7999992		0.0;
602		17.2000008		5.0;
603		17.2000008		4.61538458;
604		17.2000008		4.23076916;
605		17.2000008		3.84615374;
606		17.2000008		3.46153855;
607		17.2000008		3.07692313;
608		17.2000008		2.69230771;
609		17.2000008		2.30769229;
610		17.2000008		1.92307687;
611		17.2000008		1.53846157;
612		17.2000008		1.15384614;
613		17.2000008		0.769230783;
614		17.2000008		0.384615391;
615		17.2000008		0.0;
616		17.6000004		5.0;
617		17.6000004		4.61538458;
618		17.6000004		4.23076916;
619		17.6000004		3.84615374;
620		17.6000004		3.46153855;
621		17.6000004		3.07692313;
622		17.6000004		2.69230771;
623		17.6000004		2.30769229;
624		17.6000004		1.92307687;
625		17.6000004		1.53846157;
626		17.6000004		1.15384614;
627		17.6000004		0.769230783;
628		17.6000004		0.384615391;
629		17.6000004		0.0;
630		18.0		5.0;
631		18.0		4.61538458;
632		18.0		4.23076916;
633		18.0		3.84615374;
634		18.0		3.46153855;
635		18.0		3.07692313;
636		18.0		2.69230771;
637		18.0		2.30769229;
638		18.0		1.92307687;
639		18.0		1.53846157;
640		18.0		1.15384614;
641		18.0		0.769230783;
642		18.0		0.384615391;
643		18.0		0.0;
644		18.3999996		5.0;
645		18.3999996		4.61538458;
646		18.3999996		4.23076916;
647		18.3999996		3.84615374;
648		18.3999996		3.46153855;
649		18.3999996		3.07692313;
650		18.3999996		2.69230771;
651		18.3999996		2.30769229;
652		18.3999996		1.92307687;
653		18.3999996		1.53846157;
654		18.3999996		1.15384614;
655		18.3999996		0.769230783;
656		18.3999996		0.384615391;
657		18.3999996		0.0;
658		18.7999992		5.0;
659		18.7999992		4.61538458;
660		18.7999992		4.23076916;
661		18.7999992		3.84615374;
662		18.7999992		3.46153855;
663		18.7999992		3.07692313;
664		18.7999992		2.69230771;
665		18.7999992		2.30769229;
666		18.7999992		1.92307687;
667		18.7999992		1.53846157;
668		18.7999992		1.15384614;
669		18.7999992		0.769230783;
670		18.7999992		0.384615391;
671		18.7999992		0.0;
672		19.2000008		5.0;
673		19.2000008		4.61538458;
674		19.2000008		4.23076916;
675		19.2000008		3.84615374;
676		19.2000008		3.46153855;
677		19.2000008		3.07692313;
678		19.2000008		2.69230771;
679		19.2000008		2.30769229;
680		19.2000008		1.92307687;
681		19.2000008		1.53846157;
682		19.2000008		1.15384614;
683		19.2000008		0.769230783;
684		19.2000008		0.384615391;
685		19.2000008		0.0;
686		19.6000004		5.0;
687		19.6000004		4.61538458;
688		19.6000004		4.23076916;
689		19.6000004		3.84615374;
690		19.6000004		3.46153855;
691		19.6000004		3.07692313;
692		19.6000004		2.69230771;
693		19.6000004		2.30769229;
694		19.6000004		1.92307687;
695		19.6000004		1.53846157;
696		19.6000004		1.15384614;
697		19.6000004		0.769230783;
698		19.6000004		0.384615391;
699		19.6000004		0.0;
700		20.0		5.0;
701		20.0		4.61538458;
702		20.0		4.23076916;
703		20.0		3.84615374;
704		20.0		3.46153855;
705		20.0		3.07692313;
706		20.0		2.69230771;
707		20.0		2.30769229;
708		20.0		1.92307687;
709		20.0		1.53846157;
710		20.0		1.15384614;
711		20.0		0.769230783;
712		20.0		0.384615391;
713		20.0		0.0;
</Nodes>

<Elements>
1		"ContElem"		0		1		15		14;
2		"ContElem"		1		2		16		15;
3		"ContElem"		2		3		17		16;
4		"ContElem"		3		4		18		17;
5		"ContElem"		4		5		19		18;
6		"ContElem"		5		6		20		19;
7		"ContElem"		6		7		21		20;
8		"ContElem"		7		8		22		21;
9		"ContElem"		8		9		23		22;
10		"ContElem"		9		10		24		23;
11		"ContElem"		10		11		25		24;
12		"ContElem"		11		12		26		25;
13		"ContElem"		12		13		27		26;
14		"ContElem"		14		15		29		28;
15		"ContElem"		15		16		30		29;
16		"ContElem"		16		17		31		30;
17		"ContElem"		17		18		32		31;
18		"ContElem"		18		19		33		32;
19		"ContElem"		19		20		34		33;
20		"ContElem"		20		21		35		34;
21		"ContElem"		21		22		36		35;
22		"ContElem"		22		23		37		36;
23		"ContElem"		23		24		38		37;
24		"ContElem"		24		25		39		38;
25		"ContElem"		25		26		40		39;
26		"ContElem"		26		27		41		40;
27		"ContElem"		28		29		43		42;
28		"ContElem"		29		30		44		43;
29		"ContElem"		30		31		45		44;
30		"ContElem"		31		32		46		45;
31		"ContElem"		32		33		47		46;
32		"ContElem"		33		34		48		47;
33		"ContElem"		34		35		49		48;
34		"ContElem"		35		36		50		49;
35		"ContElem"		36		37		51		50;
36		"ContElem"		37		38		52		51;
37		"ContElem"		38		39		53		52;
38		"ContElem"		39		40		54		53;
39		"ContElem"		40		41		55		54;
40		"ContElem"		42		43		57		56;
41		"ContElem"		43		44		58		57;
42		"ContElem"		44		45		59		58;
43		"ContElem"		45		46		60		59;
44		"ContElem"		46		47		61		60;
45		"ContElem"		47		48		62		61;
46		"ContElem"		48		49		63		62;
47		"ContElem"		49		50		64		63;
48		"ContElem"		50		51		65		64;
49		"ContElem"		51		52		66		65;
50		"ContElem"		52		53		67		66;
51		"ContElem"		53		54		68		67;
52		"ContElem"		54		55		69		68;
53		"ContElem"		56		57		71		70;
54		"ContElem"		57		58		72		71;
55		"ContElem"		58		59		73		72;
56		"ContElem"		59		60		74		73;
57		"ContElem"		60		61		75		74;
58		"ContElem"		61		62		76		75;
59		"ContElem"		62		63		77		76;
60		"ContElem"		63		64		78		77;
61		"ContElem"		64		65		79		78;
62		"ContElem"		65		66		80		79;
63		"ContElem"		66		67		81		80;
64		"ContElem"		67		68		82		81;
65		"ContElem"		68		69		83		82;
66		"ContElem"		70		71		85		84;
67		"ContElem"		71		72		86		85;
68		"ContElem"		72		73		87		86;
69		"ContElem"		73		74		88		87;
70		"ContElem"		74		75		89		88;
71		"ContElem"		75		76		90		89;
72		"ContElem"		76		77		91		90;
73		"ContElem"		77		78		92		91;
74		"ContElem"		78		79		93		92;
75		"ContElem"		79		80		94		93;
76		"ContElem"		80		81		95		94;
77		"ContElem"		81		82		96		95;
78		"ContElem"		82		83		97		96;
79		"ContElem"		84		85		99		98;
80		"ContElem"		85		86		100		99;
81		"ContElem"		86		87		101		100;
82		"ContElem"		87		88		102		101;
83		"ContElem"		88		89		103		102;
84		"ContElem"		89		90		104		103;
85		"ContElem"		90		91		105		104;
86		"ContElem"		91		92		106		105;
87		"ContElem"		92		93		107		106;
88		"ContElem"		93		94		108		107;
89		"ContElem"		94		95		109		108;
90		"ContElem"		95		96		110		109;
91		"ContElem"		96		97		111		110;
92		"ContElem"		98		99		113		112;
93		"ContElem"		99		100		114		113;
94		"ContElem"		100		101		115		114;
95		"ContElem"		101		102		116		115;
96		"ContElem"		102		103		117		116;
97		"ContElem"		103		104		118		117;
98		"ContElem"		104		105		119		118;
99		"ContElem"		105		106		120		119;
100		"ContElem"		106		107		121		120;
101		"ContElem"		107		108		122		121;
102		"ContElem"		108		109		123		122;
103		"ContElem"		109		110		124		123;
104		"ContElem"		110		111		125		124;
105		"ContElem"		112		113		127		126;
106		"ContElem"		113		114		128		127;
107		"ContElem"		114		115		129		128;
108		"ContElem"		115		116		130		129;
109		"ContElem"		116		117		131		130;
110		"ContElem"		117		118		132		131;
111		"ContElem"		118		119		133		132;
112		"ContElem"		119		120		134		133;
113		"ContElem"		120		121		135		134;
114		"ContElem"		121		122		136		135;
115		"ContElem"		122		123		137		136;
116		"ContElem"		123		124		138		137;
117		"ContElem"		124		125		139		138;
118		"ContElem"		126		127		141		140;
119		"ContElem"		127		128		142		141;
120		"ContElem"		128		129		143		142;
121		"ContElem"		129		130		144		143;
122		"ContElem"		130		131		145		144;
123		"ContElem"		131		132		146		145;
124		"ContElem"		132		133		147		146;
125		"ContElem"		133		134		148		147;
126		"ContElem"		134		135		149		148;
127		"ContElem"		135		136		150		149;
128		"ContElem"		136		137		151		150;
129		"ContElem"		137		138		152		151;
130		"ContElem"		138		139		153		152;
131		"ContElem"		140		141		155		154;
132		"ContElem"		141		142		156		155;
133		"ContElem"		142		143		157		156;
134		"ContElem"		143		144		158		157;
135		"ContElem"		144		145		159		158;
136		"ContElem"		145		146		160		159;
137		"ContElem"		146		147		161		160;
138		"ContElem"		147		148		162		161;
139		"ContElem"		148		149		163		162;
140		"ContElem"		149		150		164		163;
141		"ContElem"		150		151		165		164;
142		"ContElem"		151		152		166		165;
143		"ContElem"		152		153		167		166;
144		"ContElem"		154		155		169		168;
145		"ContElem"		155		156		170		169;
146		"ContElem"		156		157		171		170;
147		"ContElem"		157		158		172		171;
148		"ContElem"		158		159		173		172;
149		"ContElem"		159		160		174		173;
150		"ContElem"		160		161		175		174;
151		"ContElem"		161		162		176		175;
152		"ContElem"		162		163		177		176;
153		"ContElem"		163		164		178		177;
154		"ContElem"		164		165		179		178;
155		"ContElem"		165		166		180		179;
156		"ContElem"		166		167		181		180;
157		"ContElem"		168		169		183		182;
158		"ContElem"		169		170		184		183;
159		"ContElem"		170		171		185		184;
160		"ContElem"		171		172		186		185;
161		"ContElem"		172		173		187		186;
162		"ContElem"		173		174		188		187;
163		"ContElem"		174		175		189		188;
164		"ContElem"		175		176		190		189;
165		"ContElem"		176		177		191		190;
166		"ContElem"		177		178		192		191;
167		"ContElem"		178		179		193		192;
168		"ContElem"		179		180		194		193;
169		"ContElem"		180		181		195		194;
170		"ContElem"		182		183		197		196;
171		"ContElem"		183		184		198		197;
172		"ContElem"		184		185		199		198;
173		"ContElem"		185		186		200		199;
174		"ContElem"		186		187		201		200;
175		"ContElem"		187		188		202		201;
176		"ContElem"		188		189		203		202;
177		"ContElem"		189		190		204		203;
178		"ContElem"		190		191		205		204;
179		"ContElem"		191		192		206		205;
180		"ContElem"		192		193		207		206;
181		"ContElem"		193		194		208		207;
182		"ContElem"		194		195		209		208;
183		"ContElem"		196		197		211		210;
184		"ContElem"		197		198		212		211;
185		"ContElem"		198		199		213		212;
186		"ContElem"		199		200		214		213;
187		"ContElem"		200		201		215		214;
188		"ContElem"		201		202		216		215;
189		"ContElem"		202		203		217		216;
190		"ContElem"		203		204		218		217;
191		"ContElem"		204		205		219		218;
192		"ContElem"		205		206		220		219;
193		"ContElem"		206		207		221		220;
194		"ContElem"		207		208		222		221;
195		"ContElem"		208		209		223		222;
196		"ContElem"		210		211		225		224;
197		"ContElem"		211		212		226		225;
198		"ContElem"		212		213		227		226;
199		"ContElem"		213		214		228		227;
200		"ContElem"		214		215		229		228;
201		"ContElem"		215		216		230		229;
202		"ContElem"		216		217		231		230;
203		"ContElem"		217		218		232		231;
204		"ContElem"		218		219		233		232;
205		"ContElem"		219		220		234		233;
206		"ContElem"		220		221		235		234;
207		"ContElem"		221		222		236		235;
208		"ContElem"		222		223		237		236;
209		"ContElem"		224		225		239		238;
210		"ContElem"		225		226		240		239;
211		"ContElem"		226		227		241		240;
212		"ContElem"		227		228		242		241;
213		"ContElem"		228		229		243		242;
214		"ContElem"		229		230		244		243;
215		"ContElem"		230		231		245		244;
216		"ContElem"		231		232		246		245;
217		"ContElem"		232		233		247		246;
218		"ContElem"		233		234		248		247;
219		"ContElem"		234		235		249		248;
220		"ContElem"		235		236		250		249;
221		"ContElem"		236		237		251		250;
222		"ContElem"		238		239		253		252;
223		"ContElem"		239		240		254		253;
224		"ContElem"		240		241		255		254;
225		"ContElem"		241		242		256		255;
226		"ContElem"		242		243		257		256;
227		"ContElem"		243		244		258		257;
228		"ContElem"		244		245		259		258;
229		"ContElem"		245		246		260		259;
230		"ContElem"		246		247		261		260;
231		"ContElem"		247		248		262		261;
232		"ContElem"		248		249		263		262;
233		"ContElem"		249		250		264		263;
234		"ContElem"		250		251		265		264;
235		"ContElem"		252		253		267		266;
236		"ContElem"		253		254		268		267;
237		"ContElem"		254		255		269		268;
238		"ContElem"		255		256		270		269;
239		"ContElem"		256		257		271		270;
240		"ContElem"		257		258		272		271;
241		"ContElem"		258		259		273		272;
242		"ContElem"		259		260		274		273;
243		"ContElem"		260		261		275		274;
244		"ContElem"		261		262		276		275;
245		"ContElem"		262		263		277		276;
246		"ContElem"		263		264		278		277;
247		"ContElem"		264		265		279		278;
248		"ContElem"		266		267		281		280;
249		"ContElem"		267		268		282		281;
250		"ContElem"		268		269		283		282;
251		"ContElem"		269		270		284		283;
252		"ContElem"		270		271		285		284;
253		"ContElem"		271		272		286		285;
254		"ContElem"		272		273		287		286;
255		"ContElem"		273		274		288		287;
256		"ContElem"		274		275		289		288;
257		"ContElem"		275		276		290		289;
258		"ContElem"		276		277		291		290;
259		"ContElem"		277		278		292		291;
260		"ContElem"		278		279		293		292;
261		"ContElem"		280		281		295		294;
262		"ContElem"		281		282		296		295;
263		"ContElem"		282		283		297		296;
264		"ContElem"		283		284		298		297;
265		"ContElem"		284		285		299		298;
266		"ContElem"		285		286		300		299;
267		"ContElem"		286		287		301		300;
268		"ContElem"		287		288		302		301;
269		"ContElem"		288		289		303		302;
270		"ContElem"		289		290		304		303;
271		"ContElem"		290		291		305		304;
272		"ContElem"		291		292		306		305;
273		"ContElem"		292		293		307		306;
274		"ContElem"		294		295		309		308;
275		"ContElem"		295		296		310		309;
276		"ContElem"		296		297		311		310;
277		"ContElem"		297		298		312		311;
278		"ContElem"		298		299		313		312;
279		"ContElem"		299		300		314		313;
280		"ContElem"		300		301		315		314;
281		"ContElem"		301		302		316		315;
282		"ContElem"		302		303		317		316;
283		"ContElem"		303		304		318		317;
284		"ContElem"		304		305		319		318;
285		"ContElem"		305		306		320		319;
286		"ContElem"		306		307		321		320;
287		"ContElem"		308		309		323		322;
288		"ContElem"		309		310		324		323;
289		"ContElem"		310		311		325		324;
290		"ContElem"		311		312		326		325;
291		"ContElem"		312		313		327		326;
292		"ContElem"		313		314		328		327;
293		"ContElem"		314		315		329		328;
294		"ContElem"		315		316		330		329;
295		"ContElem"		316		317		331		330;
296		"ContElem"		317		318		332		331;
297		"ContElem"		318		319		333		332;
298		"ContElem"		319		320		334		333;
299		"ContElem"		320		321		335		334;
300		"ContElem"		322		323		337		336;
301		"ContElem"		323		324		338		337;
302		"ContElem"		324		325		339		338;
303		"ContElem"		325		326		340		339;
304		"ContElem"		326		327		341		340;
305		"ContElem"		327		328		342		341;
306		"ContElem"		328		329		343		342;
307		"ContElem"		329		330		344		343;
308		"ContElem"		330		331		345		344;
309		"ContElem"		331		332		346		345;
310		"ContElem"		332		333		347		346;
311		"ContElem"		333		334		348		347;
312		"ContElem"		334		335		349		348;
313		"ContElem"		336		337		351		350;
314		"ContElem"		337		338		352		351;
315		"ContElem"		338		339		353		352;
316		"ContElem"		339		340		354		353;
317		"ContElem"		340		341		355		354;
318		"ContElem"		341		342		356		355;
319		"ContElem"		342		343		357		356;
320		"ContElem"		343		344		358		357;
321		"ContElem"		344		345		359		358;
322		"ContElem"		345		346		360		359;
323		"ContElem"		346		347		361		360;
324		"ContElem"		347		348		362		361;
325		"ContElem"		348		349		363		362;
326		"ContElem"		350		351		365		364;
327		"ContElem"		351		352		366		365;
328		"ContElem"		352		353		367		366;
329		"ContElem"		353		354		368		367;
330		"ContElem"		354		355		369		368;
331		"ContElem"		355		356		370		369;
332		"ContElem"		356		357		371		370;
333		"ContElem"		357		358		372		371;
334		"ContElem"		358		359		373		372;
335		"ContElem"		359		360		374		373;
336		"ContElem"		360		361		375		374;
337		"ContElem"		361		362		376		375;
338		"ContElem"		362		363		377		376;
339		"ContElem"		364		365		379		378;
340		"ContElem"		365		366		380		379;
341		"ContElem"		366		367		381		380;
342		"ContElem"		367		368		382		381;
343		"ContElem"		368		369		383		382;
344		"ContElem"		369		370		384		383;
345		"ContElem"		370		371		385		384;
346		"ContElem"		371		372		386		385;
347		"ContElem"		372		373		387		386;
348		"ContElem"		373		374		388		387;
349		"ContElem"		374		375		389		388;
350		"ContElem"		375		376		390		389;
351		"ContElem"		376		377		391		390;
352		"ContElem"		378		379		393		392;
353		"ContElem"		379		380		394		393;
354		"ContElem"		380		381		395		394;
355		"ContElem"		381		382		396		395;
356		"ContElem"		382		383		397		396;
357		"ContElem"		383		384		398		397;
358		"ContElem"		384		385		399		398;
359		"ContElem"		385		386		400		399;
360		"ContElem"		386		387		401		400;
361		"ContElem"		387		388		402		401;
362		"ContElem"		388		389		403		402;
363		"ContElem"		389		390		404		403;
364		"ContElem"		390		391		405		404;
365		"ContElem"		392		393		407		406;
366		"ContElem"		393		394		408		407;
367		"ContElem"		394		395		409		408;
368		"ContElem"		395		396		410		409;
369		"ContElem"		396		397		411		410;
370		"ContElem"		397		398		412		411;
371		"ContElem"		398		399		413		412;
372		"ContElem"		399		400		414		413;
373		"ContElem"		400		401		415		414;
374		"ContElem"		401		402		416		415;
375		"ContElem"		402		403		417		416;
376		"ContElem"		403		404		418		417;
377		"ContElem"		404		405		419		418;
378		"ContElem"		406		407		421		420;
379		"ContElem"		407		408		422		421;
380		"ContElem"		408		409		423		422;
381		"ContElem"		409		410		424		423;
382		"ContElem"		410		411		425		424;
383		"ContElem"		411		412		426		425;
384		"ContElem"		412		413		427		426;
385		"ContElem"		413		414		428		427;
386		"ContElem"		414		415		429		428;
387		"ContElem"		415		416		430		429;
388		"ContElem"		416		417		431		430;
389		"ContElem"		417		418		432		431;
390		"ContElem"		418		419		433		432;
391		"ContElem"		420		421		435		434;
392		"ContElem"		421		422		436		435;
393		"ContElem"		422		423		437		436;
394		"ContElem"		423		424		438		437;
395		"ContElem"		424		425		439		438;
396		"ContElem"		425		426		440		439;
397		"ContElem"		426		427		441		440;
398		"ContElem"		427		428		442		441;
399		"ContElem"		428		429		443		442;
400		"ContElem"		429		430		444		443;
401		"ContElem"		430		431		445		444;
402		"ContElem"		431		432		446		445;
403		"ContElem"		432		433		447		446;
404		"ContElem"		434		435		449		448;
405		"ContElem"		435		436		450		449;
406		"ContElem"		436		437		451		450;
407		"ContElem"		437		438		452		451;
408		"ContElem"		438		439		453		452;
409		"ContElem"		439		440		454		453;
410		"ContElem"		440		441		455		454;
411		"ContElem"		441		442		456		455;
412		"ContElem"		442		443		457		456;
413		"ContElem"		443		444		458		457;
414		"ContElem"		444		445		459		458;
415		"ContElem"		445		446		460		459;
416		"ContElem"		446		447		461		460;
417		"ContElem"		448		449		463		462;
418		"ContElem"		449		450		464		463;
419		"ContElem"		450		451		465		464;
420		"ContElem"		451		452		466		465;
421		"ContElem"		452		453		467		466;
422		"ContElem"		453		454		468		467;
423		"ContElem"		454		455		469		468;
424		"ContElem"		455		456		470		469;
425		"ContElem"		456		457		471		470;
426		"ContElem"		457		458		472		471;
427		"ContElem"		458		459		473		472;
428		"ContElem"		459		460		474		473;
429		"ContElem"		460		461		475		474;
430		"ContElem"		462		463		477		476;
431		"ContElem"		463		464		478		477;
432		"ContElem"		464		465		479		478;
433		"ContElem"		465		466		480		479;
434		"ContElem"		466		467		481		480;
435		"ContElem"		467		468		482		481;
436		"ContElem"		468		469		483		482;
437		"ContElem"		469		470		484		483;
438		"ContElem"		470		471		485		484;
439		"ContElem"		471		472		486		485;
440		"ContElem"		472		473		487		486;
441		"ContElem"		473		474		488		487;
442		"ContElem"		474		475		489		488;
443		"ContElem"		476		477		491		490;
444		"ContElem"		477		478		492		491;
445		"ContElem"		478		479		493		492;
446		"ContElem"		479		480		494		493;
447		"ContElem"		480		481		495		494;
448		"ContElem"		481		482		496		495;
449		"ContElem"		482		483		497		496;
450		"ContElem"		483		484		498		497;
451		"ContElem"		484		485		499		498;
452		"ContElem"		485		486		500		499;
453		"ContElem"		486		487		501		500;
454		"ContElem"		487		488		502		501;
455		"ContElem"		488		489		503		502;
456		"ContElem"		490		491		505		504;
457		"ContElem"		491		492		506		505;
458		"ContElem"		492		493		507		506;
459		"ContElem"		493		494		508		507;
460		"ContElem"		494		495		509		508;
461		"ContElem"		495		496		510		509;
462		"ContElem"		496		497		511		510;
463		"ContElem"		497		498		512		511;
464		"ContElem"		498		499		513		512;
465		"ContElem"		499		500		514		513;
466		"ContElem"		500		501		515		514;
467		"ContElem"		501		502		516		515;
468		"ContElem"		502		503		517		516;
469		"ContElem"		504		505		519		518;
470		"ContElem"		505		506		520		519;
471		"ContElem"		506		507		521		520;
472		"ContElem"		507		508		522		521;
473		"ContElem"		508		509		523		522;
474		"ContElem"		509		510		524		523;
475		"ContElem"		510		511		525		524;
476		"ContElem"		511		512		526		525;
477		"ContElem"		512		513		527		526;
478		"ContElem"		513		514		528		527;
479		"ContElem"		514		515		529		528;
480		"ContElem"		515		516		530		529;
481		"ContElem"		516		517		531		530;
482		"ContElem"		518		519		533		532;
483		"ContElem"		519		520		534		533;
484		"ContElem"		520		521		535		534;
485		"ContElem"		521		522		536		535;
486		"ContElem"		522		523		537		536;
487		"ContElem"		523		524		538		537;
488		"ContElem"		524		525		539		538;
489		"ContElem"		525		526		540		539;
490		"ContElem"		526		527		541		540;
491		"ContElem"		527		528		542		541;
492		"ContElem"		528		529		543		542;
493		"ContElem"		529		530		544		543;
494		"ContElem"		530		531		545		544;
495		"ContElem"		532		533		547		546;
496		"ContElem"		533		534		548		547;
497		"ContElem"		534		535		549		548;
498		"ContElem"		535		536		550		549;
499		"ContElem"		536		537		551		550;
500		"ContElem"		537		538		552		551;
501		"ContElem"		538		539		553		552;
502		"ContElem"		539		540		554		553;
503		"ContElem"		540		541		555		554;
504		"ContElem"		541		542		556		555;
505		"ContElem"		542		543		557		556;
506		"ContElem"		543		544		558		557;
507		"ContElem"		544		545		559		558;
508		"ContElem"		546		547		561		560;
509		"ContElem"		547		548		562		561;
510		"ContElem"		548		549		563		562;
511		"ContElem"		549		550		564		563;
512		"ContElem"		550		551		565		564;
513		"ContElem"		551		552		566		565;
514		"ContElem"		552		553		567		566;
515		"ContElem"		553		554		568		567;
516		"ContElem"		554		555		569		568;
517		"ContElem"		555		556		570		569;
518		"ContElem"		556		557		571		570;
519		"ContElem"		557		558		572		571;
520		"ContElem"		558		559		573		572;
521		"ContElem"		560		561		575		574;
522		"ContElem"		561		562		576		575;
523		"ContElem"		562		563		577		576;
524		"ContElem"		563		564		578		577;
525		"ContElem"		564		565		579		578;
526		"ContElem"		565		566		580		579;
527		"ContElem"		566		567		581		580;
528		"ContElem"		567		568		582		581;
529		"ContElem"		568		569		583		582;
530		"ContElem"		569		570		584		583;
531		"ContElem"		570		571		585		584;
532		"ContElem"		571		572		586		585;
533		"ContElem"		572		573		587		586;
534		"ContElem"		574		575		589		588;
535		"ContElem"		575		576		590		589;
536		"ContElem"		576		577		591		590;
537		"ContElem"		577		578		592		591;
538		"ContElem"		578		579		593		592;
539		"ContElem"		579		580		594		593;
540		"ContElem"		580		581		595		594;
541		"ContElem"		581		582		596		595;
542		"ContElem"		582		583		597		596;
543		"ContElem"		583		584		598		597;
544		"ContElem"		584		585		599		598;
545		"ContElem"		585		586		600		599;
546		"ContElem"		586		587		601		600;
547		"ContElem"		588		589		603		602;
548		"ContElem"		589		590		604		603;
549		"ContElem"		590		591		605		604;
550		"ContElem"		591		592		606		605;
551		"ContElem"		592		593		607		606;
552		"ContElem"		593		594		608		607;
553		"ContElem"		594		595		609		608;
554		"ContElem"		595		596		610		609;
555		"ContElem"		596		597		611		610;
556		"ContElem"		597		598		612		611;
557		"ContElem"		598		599		613		612;
558		"ContElem"		599		600		614		613;
559		"ContElem"		600		601		615		614;
560		"ContElem"		602		603		617		616;
561		"ContElem"		603		604		618		617;
562		"ContElem"		604		605		619		618;
563		"ContElem"		605		606		620		619;
564		"ContElem"		606		607		621		620;
565		"ContElem"		607		608		622		621;
566		"ContElem"		608		609		623		622;
567		"ContElem"		609		610		624		623;
568		"ContElem"		610		611		625		624;
569		"ContElem"		611		612		626		625;
570		"ContElem"		612		613		627		626;
571		"ContElem"		613		614		628		627;
572		"ContElem"		614		615		629		628;
573		"ContElem"		616		617		631		630;
574		"ContElem"		617		618		632		631;
575		"ContElem"		618		619		633		632;
576		"ContElem"		619		620		634		633;
577		"ContElem"		620		621		635		634;
578		"ContElem"		621		622		636		635;
579		"ContElem"		622		623		637		636;
580		"ContElem"		623		624		638		637;
581		"ContElem"		624		625		639		638;
582		"ContElem"		625		626		640		639;
583		"ContElem"		626		627		641		640;
584		"ContElem"		627		628		642		641;
585		"ContElem"		628		629		643		642;
586		"ContElem"		630		631		645		644;
587		"ContElem"		631		632		646		645;
588		"ContElem"		632		633		647		646;
589		"ContElem"		633		634		648		647;
590		"ContElem"		634		635		649		648;
591		"ContElem"		635		636		650		649;
592		"ContElem"		636		637		651		650;
593		"ContElem"		637		638		652		651;
594		"ContElem"		638		639		653		652;
595		"ContElem"		639		640		654		653;
596		"ContElem"		640		641		655		654;
597		"ContElem"		641		642		656		655;
598		"ContElem"		642		643		657		656;
599		"ContElem"		644		645		659		658;
600		"ContElem"		645		646		660		659;
601		"ContElem"		646		647		661		660;
602		"ContElem"		647		648		662		661;
603		"ContElem"		648		649		663		662;
604		"ContElem"		649		650		664		663;
605		"ContElem"		650		651		665		664;
606		"ContElem"		651		652		666		665;
607		"ContElem"		652		653		667		666;
608		"ContElem"		653		654		668		667;
609		"ContElem"		654		655		669		668;
610		"ContElem"		655		656		670		669;
611		"ContElem"		656		657		671		670;
612		"ContElem"		658		659		673		672;
613		"ContElem"		659		660		674		673;
614		"ContElem"		660		661		675		674;
615		"ContElem"		661		662		676		675;
616		"ContElem"		662		663		677		676;
617		"ContElem"		663		664		678		677;
618		"ContElem"		664		665		679		678;
619		"ContElem"		665		666		680		679;
620		"ContElem"		666		667		681		680;
621		"ContElem"		667		668		682		681;
622		"ContElem"		668		669		683		682;
623		"ContElem"		669		670		684		683;
624		"ContElem"		670		671		685		684;
625		"ContElem"		672		673		687		686;
626		"ContElem"		673		674		688		687;
627		"ContElem"		674		675		689		688;
628		"ContElem"		675		676		690		689;
629		"ContElem"		676		677		691		690;
630		"ContElem"		677		678		692		691;
631		"ContElem"		678		679		693		692;
632		"ContElem"		679		680		694		693;
633		"ContElem"		680		681		695		694;
634		"ContElem"		681		682		696		695;
635		"ContElem"		682		683		697		696;
636		"ContElem"		683		684		698		697;
637		"ContElem"		684		685		699		698;
638		"ContElem"		686		687		701		700;
639		"ContElem"		687		688		702		701;
640		"ContElem"		688		689		703		702;
641		"ContElem"		689		690		704		703;
642		"ContElem"		690		691		705		704;
643		"ContElem"		691		692		706		705;
644		"ContElem"		692		693		707		706;
645		"ContElem"		693		694		708		707;
646		"ContElem"		694		695		709		708;
647		"ContElem"		695		696		710		709;
648		"ContElem"		696		697		711		710;
649		"ContElem"		697		698		712		711;
650		"ContElem"		698		699		713		712;
</Elements>

<NodeConstraints>
u[0] = 0;
v[0] = 0;
u[1] = 0;
v[1] = 0;
u[2] = 0;
v[2] = 0;
u[3] = 0;
v[3] = 0;
u[4] = 0;
v[4] = 0;
u[5] = 0;
v[5] = 0;
u[6] = 0;
v[6] = 0;
u[7] = 0;
v[7] = 0;
u[8] = 0;
v[8] = 0;
u[9] = 0;
v[9] = 0;
u[10] = 0;
v[10] = 0;
u[11] = 0;
v[11] = 0;
u[12] = 0;
v[12] = 0;
u[13] = 0;
v[13] = 0;
</NodeConstraints>

<ExternalForces>
u[713] = 0.0;
v[713] = -0.048076923875;
u[712] = 0.0;
v[712] = -0.096153847875;
u[711] = 0.0;
v[711] = -0.096153843625;
u[710] = 0.0;
v[710] = -0.09615384837499999;
u[709] = 0.0;
v[709] = -0.09615384125000001;
u[708] = 0.0;
v[708] = -0.09615383999999999;
u[707] = 0.0;
v[707] = -0.09615385500000001;
u[706] = 0.0;
v[706] = -0.09615385500000001;
u[705] = 0.0;
v[705] = -0.09615385500000001;
u[704] = 0.0;
v[704] = -0.09615382625000002;
u[703] = 0.0;
v[703] = -0.09615382625000002;
u[702] = 0.0;
v[702] = -0.09615385499999995;
u[701] = 0.0;
v[701] = -0.09615385499999995;
u[700] = 0.0;
v[700] = -0.04807692750000003;
</ExternalForces>