4	4	15	20	1
0.800053589434	-0.499946287828	-0.499997954890	0.800031467213
1.199979243165	0.499992532354	0.499937999131	1.199990873604
0.005049351607	25.505649752683
0.328680184600	0.659386579040	-0.726903336147	-0.121830598162
-0.695897963017	-0.108201321953	0.219225477942	-0.794376608177
-0.837447396347	0.831316089483	0.570511196191	0.533505530304
0.692496952009	0.152243468618	0.240403924977	-0.702630061884
0.001952677585	0.011174932913	0.001900142723	0.001697838211
-0.001580332837	-0.009711126003	-0.001689052498	-0.001468084830
0.007893070924	0.048353502584	0.008573233295	0.007211131922
-0.001542888616	-0.009507482051	-0.001654983751	-0.001437053799
0.010911702362	0.069109444838	0.012668783370	0.010126853407
0.008213705966	0.050561637733	0.008996884467	0.007527386528
0.004610059504	0.027276935458	0.004714394096	0.004118639161
-0.005117981655	-0.031382648646	-0.005499345761	-0.004718486524
0.004696938024	0.028035301349	0.004861296613	0.004229188848
0.005292506928	0.031525449003	0.005472560484	0.004750532895
0.010094032580	0.063262401731	0.011473672067	0.009322189097
0.001824863042	0.010406497762	0.001767123658	0.001581662468
-0.005430269508	-0.033552525069	-0.005901540088	-0.005037319561
0.002121395288	0.012563209874	0.002161080695	0.001903538663
0.002594137974	0.015332877865	0.002637600591	0.002322435870
0.002284666792	0.013072355979	0.002223456247	0.001985618907
0.001145728360	0.005942727089	0.000974685460	0.000910330668
0.004843539193	0.028474892567	0.004913638834	0.004300000236
-0.001389884826	-0.008584760243	-0.001495200012	-0.001297511134
0.002881705275	0.016925690027	0.002906891437	0.002564105591
-0.011335560978
0.009976693590
-0.049350413947
0.009772214108
-0.070563342817
-0.051619641953
-0.027786845928
0.032147032862
-0.028600244515
-0.032130561711
-0.064576956235
-0.010549669481
0.034401070257
-0.012821791824
-0.015639466188
-0.013257980848
-0.005914590395
-0.028968563464
0.008827740308
-0.017242130535
-0.176709033375
0.927750882459
0.906229638576
-0.766087471509
-0.000058985115
0.000048326516
-0.000149102877
0.000047228067
-0.000069722656
-0.000145793166
-0.000124994181
0.000132206239
-0.000126319867
-0.000136722887
-0.000104490482
-0.000055257560
0.000136172193
-0.000063924253
-0.000077116443
-0.000068484936
-0.000034775002
-0.000129701752
0.000042681525
-0.000084862442
-0.025977750078
0.332516458823	0.287160535558	-0.345830131501	-0.063220386509
-0.722196135114	0.317321237615	-0.931732100678	0.336294455824
-0.149475055782	0.258121734153	0.689103306338	-0.825579981288
-0.582122167344	0.032317073369	0.571942476216	0.730890127538
-0.016666300074	0.010793706186	0.013081869102	-0.005271615559
-0.002147951532	0.000682005347	0.000630882117	-0.000731309747
0.033269447974	-0.021817044759	-0.026965298444	0.011391963162
-0.044447836147	0.026616527721	0.032493776992	-0.016284811193
0.091258285006	-0.042236693939	-0.043145408326	0.041568777230
0.014432088263	-0.010049622345	-0.012354197189	0.004477079186
0.003692265480	-0.002660347193	-0.003276070474	0.001111402379
-0.010702282655	0.006875352654	0.008285249158	-0.003336104600
0.052233615963	-0.030404859933	-0.036967646661	0.020109566431
0.020433022076	-0.013971015111	-0.017195526345	0.006506078571
0.037114934140	-0.023335388395	-0.028662534466	0.013010713429
0.103414630483	-0.045604131897	-0.041426340941	0.050023216476
0.047691744142	-0.028522658799	-0.034879387084	0.017868824763
0.053005891104	-0.030754629025	-0.037362877421	0.020505987215
0.044976442759	-0.027310686768	-0.033476682026	0.016570634475
0.031061119988	-0.020442815226	-0.025226591912	0.010490910219
0.106778704088	-0.046553583064	-0.041667469269	0.055952825176
0.042532335764	-0.026318209879	-0.032358506316	0.015441978960
-0.064965216386	0.034581499192	0.040724105349	-0.026667925332
-0.001568319432	0.000559345774	0.000550986536	-0.000527863560
-0.024284324723
-0.003223575812
0.048288831285
-0.064914220051
0.135875520695
0.020924560584
0.005344679656
-0.015603480507
0.076249734032
0.029642500506
0.054047805378
0.157628942565
0.069539889596
0.077374076813
0.065543683289
0.045102776867
0.167374773011
0.061905440256
-0.095412354680
-0.002345574300
0.406360512759
-0.673539237369
-0.225786358783
-0.666597382389
0.000343720550
0.000038931531
-0.001554436336
0.003086704852
-0.024911883402
-0.000275253199
-0.000048385499
0.000176345118
-0.004954882642
-0.000517093707
-0.001969291657
-0.038000627893
-0.003861275364
-0.005177530145
-0.003293605295
-0.001302326330
-0.045782380097
-0.002866845152
0.008914280696
0.000027596791
-0.143032383765
-0.958837815699	-0.418874042446	0.745242369229	0.152720527324
-0.887729723340	0.365716460921	0.534014610920	-0.970739885697
-0.479034502882	0.829363652897	-1.057909589643	0.028210417287
-0.229125559302	-1.366960676540	-0.152179011631	-0.109489317144
-0.016773898527	0.062490916880	-0.072251373905	-0.093202037145
0.119698962961	0.197927616602	-0.383455050956	0.254354560638
0.084680382828	-0.202237446928	-0.326013233569	0.010876496494
0.098953971281	0.240908684328	-0.062226638826	-0.144736914121
0.190632754621	0.233206971483	-0.119569203702	0.274098246477
0.080683920596	0.064475773391	-0.104269402111	-0.075425896948
0.018799481981	-0.062667364408	0.070208954541	0.085769986301
0.120992569039	0.120039255402	-0.269853795023	0.452701312644
-0.114837972225	-0.049462924490	0.208562711270	-0.489528127011
-0.004554871856	-0.027413628979	0.019040166464	0.010031032369
0.186152038126	-0.141107940482	-0.271065880288	-0.512074415080
-0.020583568414	0.063475702497	-0.063256034114	-0.061146420808
-0.196378204704	0.107272798834	-0.140576310707	-0.043488894589
-0.028918925784	-0.282791982974	0.003618581185	0.187317651192
0.058538424838	0.091211918458	-0.397566325283	0.133645842581
0.111630482840	0.212849257695	0.132309522731	-0.219481072488
0.034952659863	0.143880824399	-0.166100393674	0.165534958423
-0.286898872549	0.260671374634	-0.213715646686	0.152725110444
-0.022297946447	0.062936516503	-0.066936424276	-0.072676963208
-0.001373132166	0.059633748783	-0.070956610985	-0.120763792320
-0.260921287663
0.675102791671
-1.506869432561
1.045371997477
0.386673714649
-0.192608064371
0.263164284228
0.540126681451
0.398259328617
0.034434655578
1.626885250572
-0.265373033803
-0.302104833743
2.127290194634
-0.506946627803
-0.212402397800
-0.659746283422
1.003523205871
-0.265890692589
-0.352757619987
0.599779591611
-0.107964207179
0.132735952427
0.612739777989
-0.101976767616
-0.392917993282
-0.062188355357
-0.158648641019
-0.323987463614
0.045997313004
0.103915155218
0.372214022329
-0.108444167813
-0.001572587178
-0.426974927458
-0.100431545843
-0.111874132465
-0.612483187018
-0.321821267709
-0.020685100446
0.263430551184
-0.082036001302
-0.107763480472
-0.106611472330
1.943632137805
0.992811234882	-0.845499691200	-0.370527085535	-0.922247022308
0.768672910034	-0.178446827311	0.935829417168	-0.991890395038
-0.863073187584	-0.114173611136	-0.918731359104	0.306957037393
0.562933735643	-0.448563070717	0.188367187910	-0.653461923262
0.001588233135	-0.006052099449	-0.007273136876	-0.001850838120
0.007897006393	-0.028343008492	-0.034940415767	-0.008520335110
-0.003440585120	0.013212353762	0.016042086469	0.004061350130
-0.009974556764	0.034507677236	0.043397744535	0.010265480314
-0.006507764224	0.024022352377	0.029477371186	0.007293328757
-0.004757923365	0.017997031537	0.021922939994	0.005505486322
0.006638920976	-0.024331926005	-0.029786175852	-0.007363190618
-0.011888911241	0.039334183737	0.050390079701	0.011527730791
0.002240913972	-0.008495311180	-0.010208471684	-0.002593036238
-0.008358520233	0.029853054224	0.037020280385	0.008968600678
0.014677641206	-0.045191535700	-0.059816390834	-0.012908391639
-0.001149838755	0.004545465778	0.005528128483	0.001412296722
0.005741608589	-0.021273393365	-0.025906644218	-0.006457024956
-0.003400286379	0.013100085866	0.015922461191	0.004032528439
-0.015559939789	0.046775042956	0.062863906909	0.013252006177
0.003215490630	-0.012238619458	-0.014789145000	-0.003745827443
-0.014594473102	0.045041854455	0.059719449074	0.012885491589
-0.002231483322	0.008712260503	0.010582462447	0.002694312386
-0.009690635405	0.033694944121	0.042216425612	0.010036241744
-0.007270869586	0.026450844485	0.032547427536	0.007990533066
0.009327648052
0.044926661438
-0.020948871291
-0.055912016311
-0.038258006756
-0.028542124543
0.038401808120
-0.064455725922
0.013058466134
-0.047803922014
0.075449340047
-0.007333051674
0.033367717753
-0.020854002753
-0.079149283085
0.019105811247
-0.075571143122
-0.013934606721
-0.054324173549
-0.042062021683
-0.857441438027
0.362279319606
0.222640064565
0.608572491676
0.000037376759
0.000195170030
-0.000081880918
-0.000256805472
-0.000158782353
-0.000114180141
0.000161599545
-0.000318330398
0.000052792883
-0.000208846779
0.000418678170
-0.000027207750
0.000138350689
-0.000080973067
-0.000455739730
0.000076202624
-0.000417533351
-0.000052901098
-0.000247619425
-0.000178710443
-0.057519633141
-0.614288844840	-0.015695463841	-0.402689606191	0.191139865084
-0.269172775633	-0.345182727627	-0.571544583097	-0.905462110618
0.147092253969	-1.407985445607	1.301932392388	-0.220623770483
0.143634661197	-0.954655040038	-1.244635282562	0.179974848454
0.035725935929	-0.013472005082	0.087958546624	0.132932489802
-0.034865442979	0.387767603852	-0.092764399487	0.035544106194
-0.056460236319	0.076953406885	-0.231698688248	0.047406859265
0.122920930168	0.424035818560	-0.103871664335	0.368196782585
-0.063879387489	0.050324463021	-0.364237118975	-0.131963052461
0.054379573831	-0.307709314059	0.034047567820	-0.154809147645
-0.159381293036	-0.209555276535	-0.043559650247	-0.511345968148
-0.038310795273	-0.054230332577	0.171565535293	0.306341718047
-0.223301543396	-0.078104131833	-0.177660820398	0.118449715239
0.153983665299	0.352699881177	-0.058303714096	0.277558734969
-0.029506455948	0.194418027542	-0.011813666346	0.069546578020
-0.252660887951	-0.127007687482	-0.074808102341	-0.456431041481
0.027114876276	-0.085759363393	-0.261369197758	0.063836782200
0.079250229973	0.314352501618	0.042104412737	-0.021358421800
0.103464478693	-0.137005160629	0.461698518564	-0.008621087579
-0.040989083597	-0.045242969600	0.122166917123	-0.372702578349
0.141695240376	-0.096124821805	0.568700691005	0.074950202893
0.122225400382	0.320573988241	0.019408829030	0.354230049344
0.000672186893	0.266536072368	-0.213941445022	0.100736355467
0.211245614736	-0.071183964032	0.300149084969	0.313554311593
0.252055637378
-0.471591640104
0.410841208494
-0.584925187475
1.731887202506
0.349957459760
0.371364378899
0.758664407096
0.615852618683
-0.535880848460
-0.234847521240
0.850240937896
0.777824483543
0.641821521961
1.773815258552
0.614118995664
0.968004039443
0.981641538216
2.574695229246
0.807339107872
-0.627187817149
-0.446513022401
0.537167708685
-0.440092355292
0.077519869322
-0.168845924181
0.050402493549
-0.175686956290
0.155259866650
0.171207114290
-0.380047760210
-0.265330368469
-0.684887277700
0.432084675864
-0.124464803009
0.835953023977
-0.470638638755
-0.024678839057
0.582029537607
-0.956552050766
-0.440286445940
0.039728165858
-0.171710020341
-0.880130566688
0.974307876523
-0.842632969509	-0.469453251943	-0.359783176726	-0.471569435649
0.246323412485	-0.366346177260	-0.825012261622	0.503580482390
-0.122240258732	-0.640139888560	0.997792438757	0.728554847474
-0.030074983368	0.993618480478	-0.449163660485	0.156799457348
0.039470476994	-0.570763798516	0.069970795121	0.277259762136
0.056639200706	0.065303433179	-0.040028446486	-0.097198103284
0.054552666975	0.067325419421	-0.043432920092	-0.102218097145
0.054362732376	0.066368855015	-0.042055507317	-0.100173102562
-0.241662590835	-0.050245165695	0.274395602905	0.055084381003
0.073534530772	0.099021433434	-0.057172059344	-0.130863324982
0.077308032404	0.057708307688	-0.261230751123	0.336604946245
0.055228215181	0.055549718661	-0.039609753789	-0.090778177317
0.054614484091	0.055069763501	-0.039446329078	-0.090397210091
0.052554416161	0.062893286463	-0.038474589396	-0.094685835378
-0.069762730414	0.101603497378	0.165622050311	0.371612702961
0.045082330458	0.049139784210	-0.032835934322	-0.082737440439
-0.269755051250	-0.065262894623	-0.084638849131	-0.008617670997
0.115297694638	-0.138871302238	0.197793817347	-0.412238485662
0.053288245951	0.059371940075	-0.037715279241	-0.091651114945
-0.053814168030	-0.062079772386	0.038760936221	0.094185740139
-0.265523547335	0.124062419878	-0.219767114321	0.400956216754
-0.157690386598	-0.002329646811	-0.051850785978	-0.146109487543
-0.054291414922	-0.066141473595	0.041716977879	0.099683369255
0.106160368911	-0.024065778693	-0.107803881052	-0.028898348645
1.679267272110
0.479227817914
0.463887991831
0.455603999218
1.019901360069
0.545304399780
1.684305129958
0.379606233416
0.367320659861
0.433398492107
1.302749701795
0.314777359658
0.557504771379
2.195639085858
0.396050587981
-0.408307016335
0.770690382858
0.500584317569
-0.451042111032
0.345815873058
0.296352176817
0.666776313090
-0.738208130301
-0.875728421362
-0.681291498747
0.074273214232
0.091560089573
0.087373779730
-0.166413132507
0.049883515549
0.000931031534
0.063374626007
0.062695617257
0.078895522135
-0.014716690827
0.049022108934
-0.438626848238
0.011874798096
0.068909015855
-0.073222696377
-0.262248623037
0.062005103309
-0.085556641329
-0.004604641875
1.388186309447
0.533721293520	-0.643040083291	-0.896661580105	0.465291298586
1.026530387873	-0.123839627266	0.135439244377	0.956454607789
0.037705428389	0.303566646691	-1.184457806376	0.048070250823
0.216877579327	-1.491002298476	0.351848747569	0.152801970408
-0.048096174956	0.110054812991	-0.057851687690	-0.024491864272
0.032168176793	0.149064575834	-0.062844251846	-0.027914949044
-0.145338394923	0.300984386933	-0.045700506740	0.399631165198
-0.070430231983	0.099075520217	-0.059892020064	-0.012797530197
-0.086386037292	-0.176302523922	0.073222723720	0.083688650473
0.260350018576	-0.089989239974	0.307296619687	0.219790255793
-0.119161573983	0.084360560661	-0.276520818241	0.386333964294
0.096069882107	-0.144345683845	0.053118339413	-0.040489385617
0.708675601807	-0.778159532929	0.329562419721	0.431304620670
-0.301225440836	-0.416718559502	-0.121035396188	0.171768417414
-0.145794352727	-0.658728164759	-0.347896375790	0.187522589777
0.068432267247	-0.098236237354	0.058453983658	-0.008539069654
-0.070787183541	0.096699175624	-0.058258657607	-0.002736529030
-0.057033252378	0.098990805493	-0.066523417994	-0.020884500457
0.097045329112	-0.051294980954	-0.006226156231	0.064477075602
0.031629826452	0.578966485874	0.427461624277	-0.190702177655
0.071214197184	-0.097113566696	0.058763749834	0.001972867545
0.241251967125	0.308363977382	0.210956025738	-0.208601566884
0.146180801955	-0.142821780076	0.071648204100	0.146675731270
0.186087722213	-0.000089326484	0.285423801944	-0.464714269769
0.250914645126
0.564630720077
-1.061471791736
0.384325588878
-0.542724883199
0.969124793619
-1.657529413975
-0.521397392272
1.419204416699
-0.469866618566
-0.558730573549
-0.530100266751
0.457244746803
0.479907307994
-0.054620010968
-1.109555519597
-0.449245924347
-0.833007112855
-0.580955148168
-1.345939242319
-0.993107930970
0.977345531581
0.060103036942
-0.446604972512
-0.001430844082
-0.012218517694
0.600664592517
0.042292498535
0.069593476121
0.152036578101
-0.053888792809
-0.171254677791
-0.669811663665
0.082193525369
-0.420602950760
-0.094896757973
0.061978065298
0.023494219547
-0.115588617901
0.389431689240
-0.068897700118
-0.042624554064
-0.122671022932
-0.319598693579
1.262746505438
1.027224776611	0.723872461889	0.795155791266	0.096667774047
0.294522247969	0.578197948033	-0.141980696417	-1.143267189700
-0.592996158237	0.627098974438	-0.837020914063	-0.026575907404
1.087613078845	0.837262219347	0.100837521343	0.382470147903
0.085475025950	-0.063901606251	0.031648691276	0.145931639932
0.042356556895	-0.050066508319	-0.020640154721	0.033492723022
0.060014781469	-0.038981544029	-0.014809318471	0.064612077713
0.199807384010	-0.037016058842	-0.026478995575	0.088862000843
0.032111616862	-0.032195134271	-0.039503667868	0.027511653691
-0.077801948662	-0.161273356036	-0.083137842175	-0.192487964816
0.013532696010	-0.004971175253	-0.083549200960	0.008732562351
-0.014808121444	0.313311751018	0.174676815265	0.048438582479
0.044116844719	-0.048346911355	-0.015953210279	0.055661571933
0.046161470644	-0.467214393168	-0.269262235114	0.024048682403
0.037481949942	-0.048869407056	-0.023831685663	0.036662710212
-0.114194952020	-0.027103081323	-0.057252407033	0.143042312262
0.036611413557	-0.050691379993	-0.024568322263	0.029895116321
0.032553121741	-0.033317782219	-0.036832247754	0.026632987473
-0.344075972689	0.173282628790	0.052466808780	-0.337274124611
0.152077356685	-0.036697537386	-0.005810966519	0.320125660518
-0.016181062846	-0.114893250201	-0.075681095800	-0.127294251824
0.028719840144	-0.048578352968	-0.033901391229	0.020083954491
-0.041560280408	-0.136575890855	-0.092430962373	-0.195693617831
0.008904012192	-0.080291199344	-0.041884384104	-0.030657208886
0.298773512500
0.208482747970
0.235694512459
0.330696343649
0.099856049207
0.338305402332
0.124097910886
1.114231463049
0.177939212612
0.390234714987
0.166289029114
0.543687430612
0.178674185934
0.091922425810
0.618844473681
0.392518119988
0.236479169154
0.147853467688
0.294177866158
0.182222792412
0.573074199366
0.218079758412
-0.125968848311
0.414808663696
0.004581035517
0.027053550822
0.031010070788
0.134979992140
0.005855299494
0.221335762831
-0.092752174261
-0.099841789981
0.012967621064
0.078797065835
0.012885866825
-0.463491339144
0.018588924339
0.004402561903
-0.167639137854
-0.264004683041
0.057423993192
0.013995184659
0.154037588870
0.027009094746
0.230068288015
-0.281683792262	-0.072119551435	-0.034717833529	0.287478708248
0.939992132640	0.647581087105	0.760306418941	0.332673427476
0.179932438022	-0.624909832819	0.665555037397	-0.763399176432
0.408143386763	-0.593507478455	0.429307182483	0.228443032423
-0.211203925331	0.261908925788	-0.108524058311	0.117456426578
-0.067277359331	0.036630003814	-0.030906632940	0.036377812327
-0.028863958704	0.030951464068	-0.025859470120	0.027232832317
-0.031750309400	0.031147084831	-0.018024833509	0.018910766111
-0.030720814160	0.031966019196	-0.037416146625	0.038395912424
-0.050988089340	0.034190064623	-0.027035800002	0.030266760689
-0.028942541569	0.030170011184	-0.017272414643	0.017881060062
-0.018206886955	0.028162969595	-0.019793984778	0.020269797010
0.012944790425	0.013913615067	-0.006206853348	0.004336513659
-0.052552439863	0.034875760798	-0.024077410758	0.027568991325
-0.008047905987	0.025793908720	-0.022930781287	0.023848550208
-0.061661724813	0.036232970214	-0.022413513479	0.027331373970
-0.065937648124	0.035385609247	-0.026873270649	0.032237392528
-0.065447648939	0.036782172187	-0.032001793608	0.037018523752
-0.044784345431	0.033384628948	-0.033687755698	0.035854673088
-0.053302055895	0.034526053749	-0.033364062347	0.036353998492
-0.012323535520	0.026100553412	-0.017597872144	0.017745717497
-0.051918795736	0.034835180431	-0.036967187387	0.039096237771
-0.024939067308	0.029769282576	-0.019779501170	0.020467917127
-0.053814923703	0.034357914272	-0.030488714383	0.033863343033
-0.348570267217
0.119229415707
0.062172484546
0.056451197074
0.081079354207
0.087489919858
0.052718873058
0.045737465112
0.004372744665
0.086087361765
0.038794898038
0.096071517949
0.107348928054
0.119345842599
0.090261444362
0.101151885718
0.038161435642
0.108119163461
0.051911837614
0.096151593837
-0.941619359536
0.952981308309
-0.216656418325
0.048186089327
0.325564761899
-0.031462396775
-0.007145330593
0.001071822635
-0.026261627196
-0.009931747576
0.001321355894
-0.001537523537
0.005898157269
-0.004522463377
-0.003776719447
-0.001168914829
-0.011929054976
-0.035075710155
-0.022967569652
-0.026708096774
-0.000337950602
-0.037890649069
-0.000994553098
-0.018638210903
0.111773077797
0.198490279461	0.298831860047	-0.395053455102	-0.873826124959
0.577483462932	-0.630074985706	-0.286372331776	-0.964315038348
0.346124180295	0.935171081230	0.395428600287	-0.825005719535
0.170952469783	-0.376455833307	0.087142628598	-0.563549755066
0.029123747312	-0.019882310168	-0.005996817851	0.050875772069
0.011266800802	-0.015018321199	0.000569913448	0.026447113760
-0.005458774676	0.002744838967	-0.004098350876	-0.009647966815
0.006070308576	-0.003458735020	0.003827240017	0.010999731661
0.011326033496	-0.017705547697	-0.000027099015	0.028581310448
0.011434709884	-0.017936617065	-0.000093947803	0.028877482820
0.011442984326	-0.019053767289	-0.000369133017	0.029772073121
0.011327930611	-0.012664198982	0.001014676686	0.024756452158
0.002979191189	-0.000566831279	0.003937570347	0.004652233937
0.011666249575	-0.020451515101	-0.000755010763	0.031125663353
0.012390101649	-0.024096473119	-0.001885333386	0.034866267990
0.013347358935	-0.026580241459	-0.002724326386	0.037815722340
0.012335340641	-0.023974886525	-0.001845995284	0.034715471268
0.007502810954	-0.004446775309	0.003318565156	0.013625869488
0.011365525399	-0.014003813934	0.000754526838	0.025798753237
0.007136493007	-0.004163092510	0.003453942248	0.012926579800
-0.011660364083	0.010309556315	-0.001354524112	-0.023438885872
-0.003279213335	0.000608482150	-0.004184682523	-0.005097732207
0.005421183025	-0.002879170115	0.004080423570	0.009713030773
0.011096801312	-0.008095347246	0.001854245034	0.021096252595
-0.088084011819
-0.047410127660
0.018579774040
-0.021268125563
-0.050704930874
-0.051187459498
-0.052549562859
-0.044796805001
-0.007796392267
-0.054666454939
-0.060539808770
-0.065393972436
-0.060290909712
-0.026315251530
-0.046425032136
-0.025026515889
0.042794246508
0.008775143950
-0.018633042118
-0.039053826757
0.003108876876
0.288869251015
-0.711572651617
-0.514553816588
0.049143491263
0.020927103751
-0.006407764737
0.008111847088
0.021307854897
0.021531203210
0.021620943818
0.020719326043
0.000727328132
0.022111455834
0.023524437956
0.025325517656
0.023418510620
0.011636585735
0.020978771716
0.010762191163
-0.020933689960
-0.001070670685
0.006348314920
0.019507893114
-0.017336119922
-1.073343515735	0.860002362970	-0.922060426467	0.145910728297
-0.464294884790	-0.091022752169	1.192305089275	0.418373878421
-0.658650403055	0.266503047548	0.885369320170	-1.047121263873
0.093784086293	1.561315000161	0.773078617828	-0.038958138762
-0.229231952147	-0.029057826811	0.296931427292	-0.081421756757
-0.199204392030	-0.196984983370	0.447855443039	-0.102662411633
0.059714626362	-0.335302894609	0.426347209846	0.009559116258
0.060259574524	0.178697229779	0.351531744164	-0.587434448462
-0.180076630723	-0.071584671567	-0.278762492643	-0.304414788490
-0.376504363270	0.478125497475	-0.078661056160	-0.109440400492
0.139460689282	-0.284762312289	-0.235432206039	0.220819137456
0.043715176183	-0.335032097946	0.241511115649	0.113883124361
-0.211853327885	0.275160461632	0.072379736069	-0.159434615293
-0.491809518481	0.196885305713	-0.326848664405	0.228808219333
0.065021426247	-0.279340747062	-0.526820446360	-0.410505092876
0.073350976268	0.346984681998	-0.071243276926	-0.081854343557
0.006417961868	-0.229923063930	-0.602945290932	-0.593376793777
0.134295600922	-0.405341698715	-0.382557649736	0.264720685379
-0.332737930545	-0.050641331159	-0.396708051539	0.546447394625
-0.198263035071	0.079579933103	-0.101510330011	-0.342367259259
0.103339869748	0.182884874967	-0.226621873106	-0.239855360580
0.013730469342	-0.371509041650	0.219929578873	-0.246539683730
0.277046116291	-0.464692623050	0.118523390021	-0.223389989038
-0.215957656937	0.246648337789	-0.178680447454	0.320181604618
1.815670646128
-1.014089500881
-1.398541624913
0.860961055282
0.949668537748
1.407659991997
-3.129259483152
-1.507403979375
-2.817038917270
-0.654475528434
-1.100288394523
-1.816842594324
0.725306084777
0.685460500582
0.633414332142
-2.112967003977
-0.914255878338
-1.342929258755
1.639590926417
-0.667184087324
-0.073192364230
0.551810917136
-0.875804813020
0.343320527737
-0.183027578077
0.201922486418
1.932163338052
-0.693447760794
0.464998435887
1.200696000313
-0.168718243934
0.379635922425
-0.477179217526
0.872034097738
1.289696019910
0.197690495413
1.314820950922
-0.324957389034
0.184747411526
0.777879776501
-0.917729990786
-0.125204539502
-0.616875431828
-0.716927292149
1.874591216449
0.042082743537	0.011129533530	-0.278289530545	-0.330803706089
-0.956349382403	-0.451638517819	-0.419863569964	0.105373217673
-0.718288044435	-0.805264180217	-0.429397464530	0.658743491409
-0.161109344548	-0.773483039330	0.548929138172	-0.282365239459
0.000001128043	0.000002304060	-0.000000996322	0.000001928239
0.000000675771	0.000001380228	-0.000000597074	0.000001155207
0.000000986796	0.000002013324	-0.000000875121	0.000001685828
0.000000131561	0.000000263144	-0.000000125114	0.000000222342
-0.000000315313	-0.000000651272	0.000000266766	-0.000000542240
0.000000531369	0.000001084019	-0.000000471467	0.000000907733
0.000000407441	0.000000826329	-0.000000369232	0.000000693836
0.000000049752	0.000000096122	-0.000000052849	0.000000082629
-0.000000143966	-0.000000301653	0.000000114867	-0.000000249506
0.000000686959	0.000001402659	-0.000000607454	0.000001174049
0.000000601810	0.000001224115	-0.000000539877	0.000001026439
0.000000167086	0.000000340472	-0.000000148658	0.000000285261
0.000000721818	0.000001474859	-0.000000636783	0.000001234162
0.000001029461	0.000002103940	-0.000000907359	0.000001760322
0.000000015882	0.000000026288	-0.000000024026	0.000000024362
0.000000367734	0.000000744462	-0.000000335607	0.000000625564
-0.000000195116	-0.000000402057	0.000000166829	-0.000000335158
0.000000408678	0.000000830927	-0.000000367285	0.000000696865
0.000000649725	0.000001323948	-0.000000578847	0.000001109111
0.000000614896	0.000001255743	-0.000000543372	0.000001051030
-0.000002038427
-0.000001180482
-0.000001117084
0.000001457710
0.000002785808
-0.000000558913
0.000001041266
0.000001586655
0.000002574080
-0.000001099903
0.000000479409
-0.000000075739
-0.000001451828
-0.000002210365
0.000001868127
0.000001372069
0.000001412417
0.000000451591
-0.000000223897
-0.000001057145
0.387101219608
-0.914256537928
0.904917324641
-0.570881973305
0.000000000021
0.000000000045
0.000000000072
0.000000000084
0.000000000019
0.000000000029
0.000000000019
0.000000000091
0.000000000095
0.000000000049
0.000000000078
0.000000000040
0.000000000099
0.000000000077
0.000000000082
-0.000000000001
0.000000000054
0.000000000076
0.000000000088
0.000000000045
-0.022220976450
0.968052120725	-0.166495257274	0.575158914755	-0.297329450845
-0.849825734365	-0.435897967915	0.114955984534	-0.760798227640
-0.199683593224	-0.905044188543	-0.734045379894	-0.179452230952
-0.445408126890	-0.547202578534	-0.521623819786	0.438324352385
-0.008484025132	0.029167621492	0.003310926060	-0.011554707425
0.027860774436	-0.057307762930	-0.000571575169	0.036022131202
-0.001816962168	0.016546220324	0.002409245454	-0.005184212282
0.001252449730	-0.014596496680	-0.001896777972	0.004839919833
-0.002084003379	0.017417154750	0.002537854940	-0.005488732205
-0.001732065084	0.016105728728	0.002485191307	-0.004832576891
-0.010251271583	0.031447249541	0.003208986746	-0.013212354402
0.023437246129	-0.048641682975	-0.001713029335	0.027698125068
0.021051755955	-0.045104229499	-0.001935716747	0.024682065332
-0.000321880642	0.006466183818	0.001279048050	-0.001446432882
0.007787948604	-0.028733226295	-0.002412454719	0.012483771574
0.002248360015	-0.018546008758	-0.001967260824	0.006929425035
0.028808522119	-0.059717407282	-0.000282212380	0.038372643988
0.026588715293	-0.054410514249	-0.001017626126	0.033135292667
0.016666684278	-0.039325251983	-0.002458856259	0.019723379721
0.007972769240	-0.028895454739	-0.002568901128	0.012377717338
-0.012764911854	0.034358147610	0.003321497302	-0.015068616514
-0.000141589903	0.003487225237	0.000684629085	-0.000780849440
0.016792749886	-0.039577718253	-0.002258880442	0.020156886448
0.019792004948	-0.043401752379	-0.002012031791	0.023295650738
-0.034715799509
0.078369850136
-0.017797980137
0.015360892653
-0.018856417565
-0.017355179353
-0.038076880180
0.064693616732
0.059008676429
-0.006814504864
0.033419092531
0.019797260602
0.082321024210
0.073805399709
0.049988370446
0.033771131491
-0.042704884801
-0.003650112877
0.050229178296
0.056268284312
0.091189529220
-0.845967150307
0.076691729052
-0.804516290861
0.000720010310
-0.001693188319
0.000216721675
-0.000180894733
0.000239332205
0.000200384497
0.000836419463
-0.001541511017
-0.001423311930
0.000035891849
-0.000710141657
-0.000297407849
-0.001720294768
-0.001665613878
-0.001206561227
-0.000715849718
0.000984930731
0.000017166616
-0.001210922046
-0.001360073556
-0.107676332672
-1.316521641823	0.197644174500	0.170008687575	0.242988253069
-0.030222280355	-0.666295021557	-0.637197643897	-0.528397959277
-0.000629421273	-1.149769291962	-1.187099871158	1.087820327795
0.824797778433	0.876254554865	0.900386897144	0.588506055755
-0.341633112949	-0.159078155720	0.041395678792	0.016085821301
-0.549377788551	-0.161161907521	-0.690096520244	-0.787172043558
-0.352434226032	0.084241355423	0.039543461848	0.327142708895
-0.022994940222	0.027615351701	0.318472203411	0.079012686159
0.091686802567	0.253039783066	-0.084180792823	0.006545177175
0.337597721427	0.101607344450	-0.188706609276	0.088638863063
0.052309606833	0.139791121394	0.074232459397	0.088354026944
-0.423245513694	0.145352839799	0.615204955684	-0.094523995051
-0.020115523769	-0.076973604682	-0.137122202431	-0.093481122619
-0.372646853417	-0.556559684081	-0.056094663004	-0.048809218768
0.005245721608	0.180120966038	0.053631197324	-0.357006306056
0.286771048227	-0.299923326477	-0.522440451218	0.032034580822
0.387085291849	-0.251483074473	-0.539706676957	-0.038400967088
0.055555646978	-0.312264995834	0.237489010128	0.015105484117
0.360685220562	-0.977460285273	-0.821945839765	-0.319003673895
0.154722445418	0.527304119964	0.011523014273	-0.115857057241
0.164456048779	-0.103875864604	-0.213620085570	0.352769875927
-0.076279431783	0.350859374318	-0.213711945045	0.286088707487
-0.039692265051	0.161424181733	-0.507017927672	0.053442392747
-0.264578503534	-0.121849728697	0.120831089233	-1.468925609894
1.364672783472
0.478291475556
0.349900988613
0.327310792810
0.436966506198
0.746155426454
0.368053401562
0.601815433538
-0.287890137559
0.711126314016
1.197909700360
0.548719409366
0.519896392594
1.195054887921
0.873428904318
1.095650314030
0.600440097997
0.371663327661
0.084663810855
0.520390194308
0.568242506258
1.380743355828
1.008845164390
1.425313694906
-0.256579570320
-0.460604118274
0.084967526882
0.073108010164
0.170074511647
0.248457058066
0.127889612239
0.145960132882
-0.121596916405
-0.367822358395
-0.315690738459
-0.133593970649
0.175137088655
-0.382878026409
-0.657063576802
0.378522573764
0.185270119905
0.258886797112
0.245516076358
-0.714159495180
2.076527143841
0.576772536268	1.146281305670	0.409389797977	0.920516488212
-0.627321871868	0.695105964065	0.807611868635	-0.460705644491
0.950839981418	-0.695838310472	0.381971376129	-0.721918502098
0.035238452231	1.177389700836	-0.776315018895	-0.444343862430
-0.250531451370	-0.224926760308	-0.000818374917	-0.002526578876
-0.087183535335	-0.362046314089	-0.179703300495	0.471684503775
0.086827312687	0.140372509395	-0.140995394220	-0.056953308681
0.192516970847	-0.106598422103	0.515503086086	-0.104644876686
0.774410307220	0.143129703670	0.309849784685	-0.113116916645
0.326536839304	-0.180889328481	-0.163262581366	-0.051240104916
-0.205618032069	0.367931102127	-0.366407685982	-0.282296027706
-0.403345907966	-0.092387278380	-0.466629158860	0.514433039172
0.294843945592	-0.065194102796	-0.268392218859	0.022984256585
0.435735731953	-0.031669254978	-0.043945795226	0.359792694968
0.026524309911	-0.142507692466	-0.144323447469	0.476392379803
0.162187809802	0.399841151519	-0.026766988736	-0.197508059094
0.077429161144	-0.067346545155	-0.247288951929	-0.284114853202
-0.010503248138	-0.141191510041	0.006213190883	-0.369194183359
-0.043604273603	-0.512269522715	-0.005347444727	-0.256643032526
0.029030354155	0.086662050769	-0.213357340789	0.324077295775
0.191309163900	0.149658890355	-0.073692572919	0.230533785647
-0.174393078529	-0.128248632063	-0.188492169906	-0.084218900808
0.599331232826	0.056113621214	0.001149696494	0.338388545590
0.179321912963	-0.342728009316	0.401007964303	0.182618212425
1.049692897557
1.116007184782
-1.284408853792
-0.454725191680
0.288471703975
0.477347297331
1.121173054359
0.147331259225
0.213636588159
-0.938385683752
-2.829175654974
0.659521966533
0.482035238075
-2.189597191070
0.717565738830
0.802276854704
0.793519659349
-0.528262052587
0.376861234867
0.884955784359
0.859335462642
-0.101790996449
0.317850723528
-0.112850095511
-0.176672313250
-0.316577119864
-0.185024957358
0.930245191021
-0.386674167273
-1.238457661049
-0.874743058019
-0.010390710898
-0.087864113086
0.234704301938
-0.478130459078
-0.199566760402
0.148858763200
0.338453133529
0.164775533252
-0.317146069247
0.258477799413
0.374618954527
0.108297092309
0.664766483812
1.226457221885
