<Nodes>
0		0.0		50.0;
1		0.0		47.0588226;
2		0.0		44.1176453;
3		0.0		41.1764717;
4		0.0		38.2352943;
5		0.0		35.294117;
6		0.0		32.3529396;
7		0.0		29.4117641;
8		0.0		26.4705887;
9		0.0		23.5294113;
10		0.0		20.5882359;
11		0.0		17.6470585;
12		0.0		14.7058821;
13		0.0		11.7647057;
14		0.0		8.82352924;
15		0.0		5.88235283;
16		0.0		2.94117641;
17		0.0		0.0;
18		1.65517247		50.3448257;
19		1.65517247		47.4726181;
20		1.65517247		44.6004066;
21		1.65517247		41.7281952;
22		1.65517247		38.8559837;
23		1.65517247		35.9837723;
24		1.65517247		33.1115608;
25		1.65517247		30.2393513;
26		1.65517247		27.3671398;
27		1.65517247		24.4949284;
28		1.65517247		21.6227188;
29		1.65517247		18.7505074;
30		1.65517247		15.8782959;
31		1.65517247		13.0060854;
32		1.65517247		10.1338739;
33		1.65517247		7.26166344;
34		1.65517247		4.38945246;
35		1.65517247		1.51724136;
36		3.31034493		50.6896553;
37		3.31034493		47.8864098;
38		3.31034493		45.0831642;
39		3.31034493		42.2799187;
40		3.31034493		39.4766731;
41		3.31034493		36.6734276;
42		3.31034493		33.870182;
43		3.31034493		31.0669365;
44		3.31034493		28.2636909;
45		3.31034493		25.4604454;
46		3.31034493		22.6571999;
47		3.31034493		19.8539562;
48		3.31034493		17.0507107;
49		3.31034493		14.2474642;
50		3.31034493		11.4442186;
51		3.31034493		8.64097404;
52		3.31034493		5.83772802;
53		3.31034493		3.03448272;
54		4.96551704		51.034481;
55		4.96551704		48.3002014;
56		4.96551704		45.5659218;
57		4.96551704		42.8316422;
58		4.96551704		40.0973625;
59		4.96551704		37.3630829;
60		4.96551704		34.6288033;
61		4.96551704		31.8945236;
62		4.96551704		29.160244;
63		4.96551704		26.4259644;
64		4.96551704		23.6916828;
65		4.96551704		20.9574032;
66		4.96551704		18.2231236;
67		4.96551704		15.4888439;
68		4.96551704		12.7545643;
69		4.96551704		10.0202837;
70		4.96551704		7.28600407;
71		4.96551704		4.55172396;
72		6.62068987		51.3793106;
73		6.62068987		48.7139969;
74		6.62068987		46.0486832;
75		6.62068987		43.3833656;
76		6.62068987		40.7180519;
77		6.62068987		38.0527382;
78		6.62068987		35.3874245;
79		6.62068987		32.7221107;
80		6.62068987		30.0567951;
81		6.62068987		27.3914814;
82		6.62068987		24.7261658;
83		6.62068987		22.0608521;
84		6.62068987		19.3955383;
85		6.62068987		16.7302227;
86		6.62068987		14.064909;
87		6.62068987		11.3995943;
88		6.62068987		8.73427963;
89		6.62068987		6.06896544;
90		8.27586174		51.7241364;
91		8.27586174		49.1277885;
92		8.27586174		46.5314407;
93		8.27586174		43.9350929;
94		8.27586174		41.3387413;
95		8.27586174		38.7423935;
96		8.27586174		36.1460457;
97		8.27586174		33.5496941;
98		8.27586174		30.9533463;
99		8.27586174		28.3569984;
100		8.27586174		25.7606487;
101		8.27586174		23.1643009;
102		8.27586174		20.5679512;
103		8.27586174		17.9716015;
104		8.27586174		15.3752537;
105		8.27586174		12.7789049;
106		8.27586174		10.1825562;
107		8.27586174		7.58620691;
108		9.93103409		52.0689659;
109		9.93103409		49.541584;
110		9.93103409		47.0141983;
111		9.93103409		44.4868164;
112		9.93103409		41.9594307;
113		9.93103409		39.4320488;
114		9.93103409		36.9046669;
115		9.93103409		34.3772812;
116		9.93103409		31.8498993;
117		9.93103409		29.3225155;
118		9.93103409		26.7951317;
119		9.93103409		24.2677479;
120		9.93103409		21.740366;
121		9.93103409		19.2129822;
122		9.93103409		16.6855984;
123		9.93103409		14.1582146;
124		9.93103409		11.6308317;
125		9.93103409		9.10344791;
126		11.5862064		52.4137917;
127		11.5862064		49.9553757;
128		11.5862064		47.4969559;
129		11.5862064		45.0385399;
130		11.5862064		42.5801201;
131		11.5862064		40.1217041;
132		11.5862064		37.6632843;
133		11.5862064		35.2048683;
134		11.5862064		32.7464485;
135		11.5862064		30.2880325;
136		11.5862064		27.8296146;
137		11.5862064		25.3711967;
138		11.5862064		22.9127789;
139		11.5862064		20.454361;
140		11.5862064		17.9959431;
141		11.5862064		15.5375252;
142		11.5862064		13.0791073;
143		11.5862064		10.6206894;
144		13.2413797		52.7586212;
145		13.2413797		50.3691673;
146		13.2413797		47.9797173;
147		13.2413797		45.5902634;
148		13.2413797		43.2008095;
149		13.2413797		40.8113594;
150		13.2413797		38.4219055;
151		13.2413797		36.0324554;
152		13.2413797		33.6430016;
153		13.2413797		31.2535496;
154		13.2413797		28.8640976;
155		13.2413797		26.4746456;
156		13.2413797		24.0851936;
157		13.2413797		21.6957397;
158		13.2413797		19.3062878;
159		13.2413797		16.9168358;
160		13.2413797		14.5273838;
161		13.2413797		12.1379309;
162		14.8965521		53.103447;
163		14.8965521		50.7829628;
164		14.8965521		48.4624748;
165		14.8965521		46.1419868;
166		14.8965521		43.8215027;
167		14.8965521		41.5010147;
168		14.8965521		39.1805267;
169		14.8965521		36.8600388;
170		14.8965521		34.5395546;
171		14.8965521		32.2190666;
172		14.8965521		29.8985806;
173		14.8965521		27.5780926;
174		14.8965521		25.2576065;
175		14.8965521		22.9371204;
176		14.8965521		20.6166325;
177		14.8965521		18.2961464;
178		14.8965521		15.9756594;
179		14.8965521		13.6551723;
180		16.5517235		53.4482765;
181		16.5517235		51.1967545;
182		16.5517235		48.9452324;
183		16.5517235		46.6937103;
184		16.5517235		44.4421921;
185		16.5517235		42.19067;
186		16.5517235		39.9391479;
187		16.5517235		37.6876259;
188		16.5517235		35.4361038;
189		16.5517235		33.1845856;
190		16.5517235		30.9330635;
191		16.5517235		28.6815414;
192		16.5517235		26.4300194;
193		16.5517235		24.1784992;
194		16.5517235		21.9269772;
195		16.5517235		19.675457;
196		16.5517235		17.4239349;
197		16.5517235		15.1724138;
198		18.2068958		53.7931023;
199		18.2068958		51.6105461;
200		18.2068958		49.4279938;
201		18.2068958		47.2454376;
202		18.2068958		45.0628815;
203		18.2068958		42.8803253;
204		18.2068958		40.6977692;
205		18.2068958		38.515213;
206		18.2068958		36.3326569;
207		18.2068958		34.1501007;
208		18.2068958		31.9675465;
209		18.2068958		29.7849903;
210		18.2068958		27.6024342;
211		18.2068958		25.419878;
212		18.2068958		23.2373219;
213		18.2068958		21.0547676;
214		18.2068958		18.8722115;
215		18.2068958		16.6896553;
216		19.8620682		54.1379318;
217		19.8620682		52.0243416;
218		19.8620682		49.9107513;
219		19.8620682		47.7971611;
220		19.8620682		45.6835709;
221		19.8620682		43.5699806;
222		19.8620682		41.4563904;
223		19.8620682		39.3428001;
224		19.8620682		37.2292099;
225		19.8620682		35.1156197;
226		19.8620682		33.0020294;
227		19.8620682		30.8884373;
228		19.8620682		28.774847;
229		19.8620682		26.6612568;
230		19.8620682		24.5476665;
231		19.8620682		22.4340763;
232		19.8620682		20.3204861;
233		19.8620682		18.2068958;
234		21.5172405		54.4827576;
235		21.5172405		52.4381332;
236		21.5172405		50.3935089;
237		21.5172405		48.3488846;
238		21.5172405		46.3042603;
239		21.5172405		44.2596359;
240		21.5172405		42.2150116;
241		21.5172405		40.1703873;
242		21.5172405		38.1257591;
243		21.5172405		36.0811348;
244		21.5172405		34.0365105;
245		21.5172405		31.9918861;
246		21.5172405		29.9472618;
247		21.5172405		27.9026375;
248		21.5172405		25.8580112;
249		21.5172405		23.8133869;
250		21.5172405		21.7687626;
251		21.5172405		19.7241383;
252		23.1724129		54.8275871;
253		23.1724129		52.8519287;
254		23.1724129		50.8762665;
255		23.1724129		48.9006081;
256		23.1724129		46.9249496;
257		23.1724129		44.9492912;
258		23.1724129		42.973629;
259		23.1724129		40.9979706;
260		23.1724129		39.0223122;
261		23.1724129		37.0466537;
262		23.1724129		35.0709953;
263		23.1724129		33.0953331;
264		23.1724129		31.1196747;
265		23.1724129		29.1440163;
266		23.1724129		27.1683578;
267		23.1724129		25.1926975;
268		23.1724129		23.2170391;
269		23.1724129		21.2413788;
270		24.8275871		55.1724129;
271		24.8275871		53.2657204;
272		24.8275871		51.3590279;
273		24.8275871		49.4523315;
274		24.8275871		47.545639;
275		24.8275871		45.6389465;
276		24.8275871		43.7322502;
277		24.8275871		41.8255577;
278		24.8275871		39.9188652;
279		24.8275871		38.0121689;
280		24.8275871		36.1054764;
281		24.8275871		34.1987839;
282		24.8275871		32.2920876;
283		24.8275871		30.3853951;
284		24.8275871		28.4787025;
285		24.8275871		26.5720081;
286		24.8275871		24.6653137;
287		24.8275871		22.7586212;
288		26.4827595		55.5172424;
289		26.4827595		53.679512;
290		26.4827595		51.8417854;
291		26.4827595		50.004055;
292		26.4827595		48.1663284;
293		26.4827595		46.3286018;
294		26.4827595		44.4908714;
295		26.4827595		42.6531448;
296		26.4827595		40.8154144;
297		26.4827595		38.9776878;
298		26.4827595		37.1399612;
299		26.4827595		35.3022308;
300		26.4827595		33.4645042;
301		26.4827595		31.6267757;
302		26.4827595		29.7890472;
303		26.4827595		27.9513187;
304		26.4827595		26.1135902;
305		26.4827595		24.2758617;
306		28.1379318		55.8620682;
307		28.1379318		54.0933075;
308		28.1379318		52.324543;
309		28.1379318		50.5557823;
310		28.1379318		48.7870178;
311		28.1379318		47.0182571;
312		28.1379318		45.2494926;
313		28.1379318		43.480732;
314		28.1379318		41.7119675;
315		28.1379318		39.943203;
316		28.1379318		38.1744423;
317		28.1379318		36.4056778;
318		28.1379318		34.6369171;
319		28.1379318		32.8681526;
320		28.1379318		31.0993919;
321		28.1379318		29.3306293;
322		28.1379318		27.5618668;
323		28.1379318		25.7931042;
324		29.7931042		56.2068977;
325		29.7931042		54.5070992;
326		29.7931042		52.8073006;
327		29.7931042		51.1075058;
328		29.7931042		49.4077072;
329		29.7931042		47.7079124;
330		29.7931042		46.0081139;
331		29.7931042		44.3083153;
332		29.7931042		42.6085205;
333		29.7931042		40.9087219;
334		29.7931042		39.2089233;
335		29.7931042		37.5091286;
336		29.7931042		35.80933;
337		29.7931042		34.1095352;
338		29.7931042		32.4097366;
339		29.7931042		30.70994;
340		29.7931042		29.0101414;
341		29.7931042		27.3103447;
342		31.4482765		56.5517235;
343		31.4482765		54.9208908;
344		31.4482765		53.290062;
345		31.4482765		51.6592293;
346		31.4482765		50.0283966;
347		31.4482765		48.3975677;
348		31.4482765		46.7667351;
349		31.4482765		45.1359024;
350		31.4482765		43.5050697;
351		31.4482765		41.8742409;
352		31.4482765		40.2434082;
353		31.4482765		38.6125755;
354		31.4482765		36.9817429;
355		31.4482765		35.350914;
356		31.4482765		33.7200813;
357		31.4482765		32.0892487;
358		31.4482765		30.4584179;
359		31.4482765		28.8275871;
360		33.103447		56.896553;
361		33.103447		55.3346863;
362		33.103447		53.7728195;
363		33.103447		52.2109528;
364		33.103447		50.649086;
365		33.103447		49.0872192;
366		33.103447		47.5253563;
367		33.103447		45.9634895;
368		33.103447		44.4016228;
369		33.103447		42.839756;
370		33.103447		41.2778893;
371		33.103447		39.7160225;
372		33.103447		38.1541595;
373		33.103447		36.5922928;
374		33.103447		35.030426;
375		33.103447		33.4685593;
376		33.103447		31.9066944;
377		33.103447		30.3448277;
378		34.7586212		57.2413788;
379		34.7586212		55.7484779;
380		34.7586212		54.2555771;
381		34.7586212		52.7626762;
382		34.7586212		51.2697754;
383		34.7586212		49.7768745;
384		34.7586212		48.2839775;
385		34.7586212		46.7910767;
386		34.7586212		45.2981758;
387		34.7586212		43.805275;
388		34.7586212		42.3123741;
389		34.7586212		40.8194733;
390		34.7586212		39.3265724;
391		34.7586212		37.8336716;
392		34.7586212		36.3407707;
393		34.7586212		34.8478699;
394		34.7586212		33.354969;
395		34.7586212		31.8620682;
396		36.4137917		57.5862083;
397		36.4137917		56.1622734;
398		36.4137917		54.7383385;
399		36.4137917		53.3143997;
400		36.4137917		51.8904648;
401		36.4137917		50.4665298;
402		36.4137917		49.0425949;
403		36.4137917		47.61866;
404		36.4137917		46.194725;
405		36.4137917		44.7707901;
406		36.4137917		43.3468552;
407		36.4137917		41.9229202;
408		36.4137917		40.4989853;
409		36.4137917		39.0750504;
410		36.4137917		37.6511154;
411		36.4137917		36.2271805;
412		36.4137917		34.8032455;
413		36.4137917		33.3793106;
414		38.0689659		57.9310341;
415		38.0689659		56.5760651;
416		38.0689659		55.221096;
417		38.0689659		53.866127;
418		38.0689659		52.511158;
419		38.0689659		51.1561852;
420		38.0689659		49.8012161;
421		38.0689659		48.4462471;
422		38.0689659		47.0912781;
423		38.0689659		45.7363091;
424		38.0689659		44.38134;
425		38.0689659		43.026371;
426		38.0689659		41.6713982;
427		38.0689659		40.3164291;
428		38.0689659		38.9614601;
429		38.0689659		37.6064911;
430		38.0689659		36.2515221;
431		38.0689659		34.896553;
432		39.7241364		58.2758636;
433		39.7241364		56.9898567;
434		39.7241364		55.7038536;
435		39.7241364		54.4178505;
436		39.7241364		53.1318474;
437		39.7241364		51.8458405;
438		39.7241364		50.5598373;
439		39.7241364		49.2738342;
440		39.7241364		47.9878311;
441		39.7241364		46.7018242;
442		39.7241364		45.4158211;
443		39.7241364		44.129818;
444		39.7241364		42.8438148;
445		39.7241364		41.5578079;
446		39.7241364		40.2718048;
447		39.7241364		38.9858017;
448		39.7241364		37.6997986;
449		39.7241364		36.4137917;
450		41.3793106		58.6206894;
451		41.3793106		57.4036522;
452		41.3793106		56.1866112;
453		41.3793106		54.969574;
454		41.3793106		53.7525368;
455		41.3793106		52.5354958;
456		41.3793106		51.3184586;
457		41.3793106		50.1014214;
458		41.3793106		48.8843803;
459		41.3793106		47.6673431;
460		41.3793106		46.4503059;
461		41.3793106		45.2332649;
462		41.3793106		44.0162277;
463		41.3793106		42.7991905;
464		41.3793106		41.5821495;
465		41.3793106		40.3651123;
466		41.3793106		39.1480713;
467		41.3793106		37.9310341;
468		43.034481		58.965519;
469		43.034481		57.8174438;
470		43.034481		56.6693726;
471		43.034481		55.5212975;
472		43.034481		54.3732262;
473		43.034481		53.2251511;
474		43.034481		52.0770798;
475		43.034481		50.9290047;
476		43.034481		49.7809334;
477		43.034481		48.6328583;
478		43.034481		47.484787;
479		43.034481		46.3367157;
480		43.034481		45.1886406;
481		43.034481		44.0405693;
482		43.034481		42.8924942;
483		43.034481		41.7444229;
484		43.034481		40.5963478;
485		43.034481		39.4482765;
486		44.6896553		59.3103447;
487		44.6896553		58.2312355;
488		44.6896553		57.1521301;
489		44.6896553		56.0730209;
490		44.6896553		54.9939156;
491		44.6896553		53.9148064;
492		44.6896553		52.835701;
493		44.6896553		51.7565918;
494		44.6896553		50.6774864;
495		44.6896553		49.5983772;
496		44.6896553		48.519268;
497		44.6896553		47.4401627;
498		44.6896553		46.3610535;
499		44.6896553		45.2819481;
500		44.6896553		44.2028389;
501		44.6896553		43.1237335;
502		44.6896553		42.0446243;
503		44.6896553		40.965519;
504		46.3448257		59.6551743;
505		46.3448257		58.645031;
506		46.3448257		57.6348877;
507		46.3448257		56.6247482;
508		46.3448257		55.6146049;
509		46.3448257		54.6044617;
510		46.3448257		53.5943222;
511		46.3448257		52.5841789;
512		46.3448257		51.5740356;
513		46.3448257		50.5638962;
514		46.3448257		49.5537529;
515		46.3448257		48.5436096;
516		46.3448257		47.5334702;
517		46.3448257		46.5233269;
518		46.3448257		45.5131836;
519		46.3448257		44.5030441;
520		46.3448257		43.4929008;
521		46.3448257		42.4827576;
522		48.0		60.0;
523		48.0		59.0588226;
524		48.0		58.1176453;
525		48.0		57.1764717;
526		48.0		56.2352943;
527		48.0		55.294117;
528		48.0		54.3529396;
529		48.0		53.4117661;
530		48.0		52.4705887;
531		48.0		51.5294113;
532		48.0		50.5882339;
533		48.0		49.6470604;
534		48.0		48.705883;
535		48.0		47.7647057;
536		48.0		46.8235283;
537		48.0		45.8823547;
538		48.0		44.9411774;
539		48.0		44.0;
</Nodes>

<Elements>
1		"ContElem"		0		1		19		18;
2		"ContElem"		1		2		20		19;
3		"ContElem"		2		3		21		20;
4		"ContElem"		3		4		22		21;
5		"ContElem"		4		5		23		22;
6		"ContElem"		5		6		24		23;
7		"ContElem"		6		7		25		24;
8		"ContElem"		7		8		26		25;
9		"ContElem"		8		9		27		26;
10		"ContElem"		9		10		28		27;
11		"ContElem"		10		11		29		28;
12		"ContElem"		11		12		30		29;
13		"ContElem"		12		13		31		30;
14		"ContElem"		13		14		32		31;
15		"ContElem"		14		15		33		32;
16		"ContElem"		15		16		34		33;
17		"ContElem"		16		17		35		34;
18		"ContElem"		18		19		37		36;
19		"ContElem"		19		20		38		37;
20		"ContElem"		20		21		39		38;
21		"ContElem"		21		22		40		39;
22		"ContElem"		22		23		41		40;
23		"ContElem"		23		24		42		41;
24		"ContElem"		24		25		43		42;
25		"ContElem"		25		26		44		43;
26		"ContElem"		26		27		45		44;
27		"ContElem"		27		28		46		45;
28		"ContElem"		28		29		47		46;
29		"ContElem"		29		30		48		47;
30		"ContElem"		30		31		49		48;
31		"ContElem"		31		32		50		49;
32		"ContElem"		32		33		51		50;
33		"ContElem"		33		34		52		51;
34		"ContElem"		34		35		53		52;
35		"ContElem"		36		37		55		54;
36		"ContElem"		37		38		56		55;
37		"ContElem"		38		39		57		56;
38		"ContElem"		39		40		58		57;
39		"ContElem"		40		41		59		58;
40		"ContElem"		41		42		60		59;
41		"ContElem"		42		43		61		60;
42		"ContElem"		43		44		62		61;
43		"ContElem"		44		45		63		62;
44		"ContElem"		45		46		64		63;
45		"ContElem"		46		47		65		64;
46		"ContElem"		47		48		66		65;
47		"ContElem"		48		49		67		66;
48		"ContElem"		49		50		68		67;
49		"ContElem"		50		51		69		68;
50		"ContElem"		51		52		70		69;
51		"ContElem"		52		53		71		70;
52		"ContElem"		54		55		73		72;
53		"ContElem"		55		56		74		73;
54		"ContElem"		56		57		75		74;
55		"ContElem"		57		58		76		75;
56		"ContElem"		58		59		77		76;
57		"ContElem"		59		60		78		77;
58		"ContElem"		60		61		79		78;
59		"ContElem"		61		62		80		79;
60		"ContElem"		62		63		81		80;
61		"ContElem"		63		64		82		81;
62		"ContElem"		64		65		83		82;
63		"ContElem"		65		66		84		83;
64		"ContElem"		66		67		85		84;
65		"ContElem"		67		68		86		85;
66		"ContElem"		68		69		87		86;
67		"ContElem"		69		70		88		87;
68		"ContElem"		70		71		89		88;
69		"ContElem"		72		73		91		90;
70		"ContElem"		73		74		92		91;
71		"ContElem"		74		75		93		92;
72		"ContElem"		75		76		94		93;
73		"ContElem"		76		77		95		94;
74		"ContElem"		77		78		96		95;
75		"ContElem"		78		79		97		96;
76		"ContElem"		79		80		98		97;
77		"ContElem"		80		81		99		98;
78		"ContElem"		81		82		100		99;
79		"ContElem"		82		83		101		100;
80		"ContElem"		83		84		102		101;
81		"ContElem"		84		85		103		102;
82		"ContElem"		85		86		104		103;
83		"ContElem"		86		87		105		104;
84		"ContElem"		87		88		106		105;
85		"ContElem"		88		89		107		106;
86		"ContElem"		90		91		109		108;
87		"ContElem"		91		92		110		109;
88		"ContElem"		92		93		111		110;
89		"ContElem"		93		94		112		111;
90		"ContElem"		94		95		113		112;
91		"ContElem"		95		96		114		113;
92		"ContElem"		96		97		115		114;
93		"ContElem"		97		98		116		115;
94		"ContElem"		98		99		117		116;
95		"ContElem"		99		100		118		117;
96		"ContElem"		100		101		119		118;
97		"ContElem"		101		102		120		119;
98		"ContElem"		102		103		121		120;
99		"ContElem"		103		104		122		121;
100		"ContElem"		104		105		123		122;
101		"ContElem"		105		106		124		123;
102		"ContElem"		106		107		125		124;
103		"ContElem"		108		109		127		126;
104		"ContElem"		109		110		128		127;
105		"ContElem"		110		111		129		128;
106		"ContElem"		111		112		130		129;
107		"ContElem"		112		113		131		130;
108		"ContElem"		113		114		132		131;
109		"ContElem"		114		115		133		132;
110		"ContElem"		115		116		134		133;
111		"ContElem"		116		117		135		134;
112		"ContElem"		117		118		136		135;
113		"ContElem"		118		119		137		136;
114		"ContElem"		119		120		138		137;
115		"ContElem"		120		121		139		138;
116		"ContElem"		121		122		140		139;
117		"ContElem"		122		123		141		140;
118		"ContElem"		123		124		142		141;
119		"ContElem"		124		125		143		142;
120		"ContElem"		126		127		145		144;
121		"ContElem"		127		128		146		145;
122		"ContElem"		128		129		147		146;
123		"ContElem"		129		130		148		147;
124		"ContElem"		130		131		149		148;
125		"ContElem"		131		132		150		149;
126		"ContElem"		132		133		151		150;
127		"ContElem"		133		134		152		151;
128		"ContElem"		134		135		153		152;
129		"ContElem"		135		136		154		153;
130		"ContElem"		136		137		155		154;
131		"ContElem"		137		138		156		155;
132		"ContElem"		138		139		157		156;
133		"ContElem"		139		140		158		157;
134		"ContElem"		140		141		159		158;
135		"ContElem"		141		142		160		159;
136		"ContElem"		142		143		161		160;
137		"ContElem"		144		145		163		162;
138		"ContElem"		145		146		164		163;
139		"ContElem"		146		147		165		164;
140		"ContElem"		147		148		166		165;
141		"ContElem"		148		149		167		166;
142		"ContElem"		149		150		168		167;
143		"ContElem"		150		151		169		168;
144		"ContElem"		151		152		170		169;
145		"ContElem"		152		153		171		170;
146		"ContElem"		153		154		172		171;
147		"ContElem"		154		155		173		172;
148		"ContElem"		155		156		174		173;
149		"ContElem"		156		157		175		174;
150		"ContElem"		157		158		176		175;
151		"ContElem"		158		159		177		176;
152		"ContElem"		159		160		178		177;
153		"ContElem"		160		161		179		178;
154		"ContElem"		162		163		181		180;
155		"ContElem"		163		164		182		181;
156		"ContElem"		164		165		183		182;
157		"ContElem"		165		166		184		183;
158		"ContElem"		166		167		185		184;
159		"ContElem"		167		168		186		185;
160		"ContElem"		168		169		187		186;
161		"ContElem"		169		170		188		187;
162		"ContElem"		170		171		189		188;
163		"ContElem"		171		172		190		189;
164		"ContElem"		172		173		191		190;
165		"ContElem"		173		174		192		191;
166		"ContElem"		174		175		193		192;
167		"ContElem"		175		176		194		193;
168		"ContElem"		176		177		195		194;
169		"ContElem"		177		178		196		195;
170		"ContElem"		178		179		197		196;
171		"ContElem"		180		181		199		198;
172		"ContElem"		181		182		200		199;
173		"ContElem"		182		183		201		200;
174		"ContElem"		183		184		202		201;
175		"ContElem"		184		185		203		202;
176		"ContElem"		185		186		204		203;
177		"ContElem"		186		187		205		204;
178		"ContElem"		187		188		206		205;
179		"ContElem"		188		189		207		206;
180		"ContElem"		189		190		208		207;
181		"ContElem"		190		191		209		208;
182		"ContElem"		191		192		210		209;
183		"ContElem"		192		193		211		210;
184		"ContElem"		193		194		212		211;
185		"ContElem"		194		195		213		212;
186		"ContElem"		195		196		214		213;
187		"ContElem"		196		197		215		214;
188		"ContElem"		198		199		217		216;
189		"ContElem"		199		200		218		217;
190		"ContElem"		200		201		219		218;
191		"ContElem"		201		202		220		219;
192		"ContElem"		202		203		221		220;
193		"ContElem"		203		204		222		221;
194		"ContElem"		204		205		223		222;
195		"ContElem"		205		206		224		223;
196		"ContElem"		206		207		225		224;
197		"ContElem"		207		208		226		225;
198		"ContElem"		208		209		227		226;
199		"ContElem"		209		210		228		227;
200		"ContElem"		210		211		229		228;
201		"ContElem"		211		212		230		229;
202		"ContElem"		212		213		231		230;
203		"ContElem"		213		214		232		231;
204		"ContElem"		214		215		233		232;
205		"ContElem"		216		217		235		234;
206		"ContElem"		217		218		236		235;
207		"ContElem"		218		219		237		236;
208		"ContElem"		219		220		238		237;
209		"ContElem"		220		221		239		238;
210		"ContElem"		221		222		240		239;
211		"ContElem"		222		223		241		240;
212		"ContElem"		223		224		242		241;
213		"ContElem"		224		225		243		242;
214		"ContElem"		225		226		244		243;
215		"ContElem"		226		227		245		244;
216		"ContElem"		227		228		246		245;
217		"ContElem"		228		229		247		246;
218		"ContElem"		229		230		248		247;
219		"ContElem"		230		231		249		248;
220		"ContElem"		231		232		250		249;
221		"ContElem"		232		233		251		250;
222		"ContElem"		234		235		253		252;
223		"ContElem"		235		236		254		253;
224		"ContElem"		236		237		255		254;
225		"ContElem"		237		238		256		255;
226		"ContElem"		238		239		257		256;
227		"ContElem"		239		240		258		257;
228		"ContElem"		240		241		259		258;
229		"ContElem"		241		242		260		259;
230		"ContElem"		242		243		261		260;
231		"ContElem"		243		244		262		261;
232		"ContElem"		244		245		263		262;
233		"ContElem"		245		246		264		263;
234		"ContElem"		246		247		265		264;
235		"ContElem"		247		248		266		265;
236		"ContElem"		248		249		267		266;
237		"ContElem"		249		250		268		267;
238		"ContElem"		250		251		269		268;
239		"ContElem"		252		253		271		270;
240		"ContElem"		253		254		272		271;
241		"ContElem"		254		255		273		272;
242		"ContElem"		255		256		274		273;
243		"ContElem"		256		257		275		274;
244		"ContElem"		257		258		276		275;
245		"ContElem"		258		259		277		276;
246		"ContElem"		259		260		278		277;
247		"ContElem"		260		261		279		278;
248		"ContElem"		261		262		280		279;
249		"ContElem"		262		263		281		280;
250		"ContElem"		263		264		282		281;
251		"ContElem"		264		265		283		282;
252		"ContElem"		265		266		284		283;
253		"ContElem"		266		267		285		284;
254		"ContElem"		267		268		286		285;
255		"ContElem"		268		269		287		286;
256		"ContElem"		270		271		289		288;
257		"ContElem"		271		272		290		289;
258		"ContElem"		272		273		291		290;
259		"ContElem"		273		274		292		291;
260		"ContElem"		274		275		293		292;
261		"ContElem"		275		276		294		293;
262		"ContElem"		276		277		295		294;
263		"ContElem"		277		278		296		295;
264		"ContElem"		278		279		297		296;
265		"ContElem"		279		280		298		297;
266		"ContElem"		280		281		299		298;
267		"ContElem"		281		282		300		299;
268		"ContElem"		282		283		301		300;
269		"ContElem"		283		284		302		301;
270		"ContElem"		284		285		303		302;
271		"ContElem"		285		286		304		303;
272		"ContElem"		286		287		305		304;
273		"ContElem"		288		289		307		306;
274		"ContElem"		289		290		308		307;
275		"ContElem"		290		291		309		308;
276		"ContElem"		291		292		310		309;
277		"ContElem"		292		293		311		310;
278		"ContElem"		293		294		312		311;
279		"ContElem"		294		295		313		312;
280		"ContElem"		295		296		314		313;
281		"ContElem"		296		297		315		314;
282		"ContElem"		297		298		316		315;
283		"ContElem"		298		299		317		316;
284		"ContElem"		299		300		318		317;
285		"ContElem"		300		301		319		318;
286		"ContElem"		301		302		320		319;
287		"ContElem"		302		303		321		320;
288		"ContElem"		303		304		322		321;
289		"ContElem"		304		305		323		322;
290		"ContElem"		306		307		325		324;
291		"ContElem"		307		308		326		325;
292		"ContElem"		308		309		327		326;
293		"ContElem"		309		310		328		327;
294		"ContElem"		310		311		329		328;
295		"ContElem"		311		312		330		329;
296		"ContElem"		312		313		331		330;
297		"ContElem"		313		314		332		331;
298		"ContElem"		314		315		333		332;
299		"ContElem"		315		316		334		333;
300		"ContElem"		316		317		335		334;
301		"ContElem"		317		318		336		335;
302		"ContElem"		318		319		337		336;
303		"ContElem"		319		320		338		337;
304		"ContElem"		320		321		339		338;
305		"ContElem"		321		322		340		339;
306		"ContElem"		322		323		341		340;
307		"ContElem"		324		325		343		342;
308		"ContElem"		325		326		344		343;
309		"ContElem"		326		327		345		344;
310		"ContElem"		327		328		346		345;
311		"ContElem"		328		329		347		346;
312		"ContElem"		329		330		348		347;
313		"ContElem"		330		331		349		348;
314		"ContElem"		331		332		350		349;
315		"ContElem"		332		333		351		350;
316		"ContElem"		333		334		352		351;
317		"ContElem"		334		335		353		352;
318		"ContElem"		335		336		354		353;
319		"ContElem"		336		337		355		354;
320		"ContElem"		337		338		356		355;
321		"ContElem"		338		339		357		356;
322		"ContElem"		339		340		358		357;
323		"ContElem"		340		341		359		358;
324		"ContElem"		342		343		361		360;
325		"ContElem"		343		344		362		361;
326		"ContElem"		344		345		363		362;
327		"ContElem"		345		346		364		363;
328		"ContElem"		346		347		365		364;
329		"ContElem"		347		348		366		365;
330		"ContElem"		348		349		367		366;
331		"ContElem"		349		350		368		367;
332		"ContElem"		350		351		369		368;
333		"ContElem"		351		352		370		369;
334		"ContElem"		352		353		371		370;
335		"ContElem"		353		354		372		371;
336		"ContElem"		354		355		373		372;
337		"ContElem"		355		356		374		373;
338		"ContElem"		356		357		375		374;
339		"ContElem"		357		358		376		375;
340		"ContElem"		358		359		377		376;
341		"ContElem"		360		361		379		378;
342		"ContElem"		361		362		380		379;
343		"ContElem"		362		363		381		380;
344		"ContElem"		363		364		382		381;
345		"ContElem"		364		365		383		382;
346		"ContElem"		365		366		384		383;
347		"ContElem"		366		367		385		384;
348		"ContElem"		367		368		386		385;
349		"ContElem"		368		369		387		386;
350		"ContElem"		369		370		388		387;
351		"ContElem"		370		371		389		388;
352		"ContElem"		371		372		390		389;
353		"ContElem"		372		373		391		390;
354		"ContElem"		373		374		392		391;
355		"ContElem"		374		375		393		392;
356		"ContElem"		375		376		394		393;
357		"ContElem"		376		377		395		394;
358		"ContElem"		378		379		397		396;
359		"ContElem"		379		380		398		397;
360		"ContElem"		380		381		399		398;
361		"ContElem"		381		382		400		399;
362		"ContElem"		382		383		401		400;
363		"ContElem"		383		384		402		401;
364		"ContElem"		384		385		403		402;
365		"ContElem"		385		386		404		403;
366		"ContElem"		386		387		405		404;
367		"ContElem"		387		388		406		405;
368		"ContElem"		388		389		407		406;
369		"ContElem"		389		390		408		407;
370		"ContElem"		390		391		409		408;
371		"ContElem"		391		392		410		409;
372		"ContElem"		392		393		411		410;
373		"ContElem"		393		394		412		411;
374		"ContElem"		394		395		413		412;
375		"ContElem"		396		397		415		414;
376		"ContElem"		397		398		416		415;
377		"ContElem"		398		399		417		416;
378		"ContElem"		399		400		418		417;
379		"ContElem"		400		401		419		418;
380		"ContElem"		401		402		420		419;
381		"ContElem"		402		403		421		420;
382		"ContElem"		403		404		422		421;
383		"ContElem"		404		405		423		422;
384		"ContElem"		405		406		424		423;
385		"ContElem"		406		407		425		424;
386		"ContElem"		407		408		426		425;
387		"ContElem"		408		409		427		426;
388		"ContElem"		409		410		428		427;
389		"ContElem"		410		411		429		428;
390		"ContElem"		411		412		430		429;
391		"ContElem"		412		413		431		430;
392		"ContElem"		414		415		433		432;
393		"ContElem"		415		416		434		433;
394		"ContElem"		416		417		435		434;
395		"ContElem"		417		418		436		435;
396		"ContElem"		418		419		437		436;
397		"ContElem"		419		420		438		437;
398		"ContElem"		420		421		439		438;
399		"ContElem"		421		422		440		439;
400		"ContElem"		422		423		441		440;
401		"ContElem"		423		424		442		441;
402		"ContElem"		424		425		443		442;
403		"ContElem"		425		426		444		443;
404		"ContElem"		426		427		445		444;
405		"ContElem"		427		428		446		445;
406		"ContElem"		428		429		447		446;
407		"ContElem"		429		430		448		447;
408		"ContElem"		430		431		449		448;
409		"ContElem"		432		433		451		450;
410		"ContElem"		433		434		452		451;
411		"ContElem"		434		435		453		452;
412		"ContElem"		435		436		454		453;
413		"ContElem"		436		437		455		454;
414		"ContElem"		437		438		456		455;
415		"ContElem"		438		439		457		456;
416		"ContElem"		439		440		458		457;
417		"ContElem"		440		441		459		458;
418		"ContElem"		441		442		460		459;
419		"ContElem"		442		443		461		460;
420		"ContElem"		443		444		462		461;
421		"ContElem"		444		445		463		462;
422		"ContElem"		445		446		464		463;
423		"ContElem"		446		447		465		464;
424		"ContElem"		447		448		466		465;
425		"ContElem"		448		449		467		466;
426		"ContElem"		450		451		469		468;
427		"ContElem"		451		452		470		469;
428		"ContElem"		452		453		471		470;
429		"ContElem"		453		454		472		471;
430		"ContElem"		454		455		473		472;
431		"ContElem"		455		456		474		473;
432		"ContElem"		456		457		475		474;
433		"ContElem"		457		458		476		475;
434		"ContElem"		458		459		477		476;
435		"ContElem"		459		460		478		477;
436		"ContElem"		460		461		479		478;
437		"ContElem"		461		462		480		479;
438		"ContElem"		462		463		481		480;
439		"ContElem"		463		464		482		481;
440		"ContElem"		464		465		483		482;
441		"ContElem"		465		466		484		483;
442		"ContElem"		466		467		485		484;
443		"ContElem"		468		469		487		486;
444		"ContElem"		469		470		488		487;
445		"ContElem"		470		471		489		488;
446		"ContElem"		471		472		490		489;
447		"ContElem"		472		473		491		490;
448		"ContElem"		473		474		492		491;
449		"ContElem"		474		475		493		492;
450		"ContElem"		475		476		494		493;
451		"ContElem"		476		477		495		494;
452		"ContElem"		477		478		496		495;
453		"ContElem"		478		479		497		496;
454		"ContElem"		479		480		498		497;
455		"ContElem"		480		481		499		498;
456		"ContElem"		481		482		500		499;
457		"ContElem"		482		483		501		500;
458		"ContElem"		483		484		502		501;
459		"ContElem"		484		485		503		502;
460		"ContElem"		486		487		505		504;
461		"ContElem"		487		488		506		505;
462		"ContElem"		488		489		507		506;
463		"ContElem"		489		490		508		507;
464		"ContElem"		490		491		509		508;
465		"ContElem"		491		492		510		509;
466		"ContElem"		492		493		511		510;
467		"ContElem"		493		494		512		511;
468		"ContElem"		494		495		513		512;
469		"ContElem"		495		496		514		513;
470		"ContElem"		496		497		515		514;
471		"ContElem"		497		498		516		515;
472		"ContElem"		498		499		517		516;
473		"ContElem"		499		500		518		517;
474		"ContElem"		500		501		519		518;
475		"ContElem"		501		502		520		519;
476		"ContElem"		502		503		521		520;
477		"ContElem"		504		505		523		522;
478		"ContElem"		505		506		524		523;
479		"ContElem"		506		507		525		524;
480		"ContElem"		507		508		526		525;
481		"ContElem"		508		509		527		526;
482		"ContElem"		509		510		528		527;
483		"ContElem"		510		511		529		528;
484		"ContElem"		511		512		530		529;
485		"ContElem"		512		513		531		530;
486		"ContElem"		513		514		532		531;
487		"ContElem"		514		515		533		532;
488		"ContElem"		515		516		534		533;
489		"ContElem"		516		517		535		534;
490		"ContElem"		517		518		536		535;
491		"ContElem"		518		519		537		536;
492		"ContElem"		519		520		538		537;
493		"ContElem"		520		521		539		538;
</Elements>

<NodeConstraints>
u[0] = 0;
v[0] = 0;
u[1] = 0;
v[1] = 0;
u[2] = 0;
v[2] = 0;
u[3] = 0;
v[3] = 0;
u[4] = 0;
v[4] = 0;
u[5] = 0;
v[5] = 0;
u[6] = 0;
v[6] = 0;
u[7] = 0;
v[7] = 0;
u[8] = 0;
v[8] = 0;
u[9] = 0;
v[9] = 0;
u[10] = 0;
v[10] = 0;
u[11] = 0;
v[11] = 0;
u[12] = 0;
v[12] = 0;
u[13] = 0;
v[13] = 0;
u[14] = 0;
v[14] = 0;
u[15] = 0;
v[15] = 0;
u[16] = 0;
v[16] = 0;
u[17] = 0;
v[17] = 0;
</NodeConstraints>

<ExternalForces>
u[539] = 0.0;
v[539] = 1.8823548000000017;
u[538] = 0.0;
v[538] = 3.764709400000001;
u[537] = 0.0;
v[537] = 3.7647017999999974;
u[536] = 0.0;
v[536] = 3.7647019999999998;
u[535] = 0.0;
v[535] = 3.764709400000001;
u[534] = 0.0;
v[534] = 3.764709400000001;
u[533] = 0.0;
v[533] = 3.7647017999999974;
u[532] = 0.0;
v[532] = 3.7647017999999974;
u[531] = 0.0;
v[531] = 3.7647096000000033;
u[530] = 0.0;
v[530] = 3.7647096000000033;
u[529] = 0.0;
v[529] = 3.7647017999999974;
u[528] = 0.0;
v[528] = 3.7647017999999974;
u[527] = 0.0;
v[527] = 3.764709400000001;
u[526] = 0.0;
v[526] = 3.764709400000001;
u[525] = 0.0;
v[525] = 3.7647019999999998;
u[524] = 0.0;
v[524] = 3.7647017999999974;
u[523] = 0.0;
v[523] = 3.764709400000001;
u[522] = 0.0;
v[522] = 1.8823548000000017;
</ExternalForces>