<Nodes>
0		0.0		0.00100000005;
1		0.0		0.0;
2		0.00999999978		0.00100000005;
3		0.00999999978		0.0;
4		0.0199999996		0.00100000005;
5		0.0199999996		0.0;
6		0.0299999993		0.00100000005;
7		0.0299999993		0.0;
8		0.0399999991		0.00100000005;
9		0.0399999991		0.0;
10		0.0500000007		0.00100000005;
11		0.0500000007		0.0;
12		0.0599999987		0.00100000005;
13		0.0599999987		0.0;
14		0.0700000003		0.00100000005;
15		0.0700000003		0.0;
16		0.0799999982		0.00100000005;
17		0.0799999982		0.0;
18		0.0900000036		0.00100000005;
19		0.0900000036		0.0;
20		0.100000001		0.00100000005;
21		0.100000001		0.0;
22		0.109999999		0.00100000005;
23		0.109999999		0.0;
24		0.119999997		0.00100000005;
25		0.119999997		0.0;
26		0.129999995		0.00100000005;
27		0.129999995		0.0;
28		0.140000001		0.00100000005;
29		0.140000001		0.0;
30		0.150000006		0.00100000005;
31		0.150000006		0.0;
32		0.159999996		0.00100000005;
33		0.159999996		0.0;
34		0.170000002		0.00100000005;
35		0.170000002		0.0;
36		0.180000007		0.00100000005;
37		0.180000007		0.0;
38		0.189999998		0.00100000005;
39		0.189999998		0.0;
40		0.200000003		0.00100000005;
41		0.200000003		0.0;
42		0.209999993		0.00100000005;
43		0.209999993		0.0;
44		0.219999999		0.00100000005;
45		0.219999999		0.0;
46		0.230000004		0.00100000005;
47		0.230000004		0.0;
48		0.239999995		0.00100000005;
49		0.239999995		0.0;
50		0.25		0.00100000005;
51		0.25		0.0;
52		0.25999999		0.00100000005;
53		0.25999999		0.0;
54		0.270000011		0.00100000005;
55		0.270000011		0.0;
56		0.280000001		0.00100000005;
57		0.280000001		0.0;
58		0.289999992		0.00100000005;
59		0.289999992		0.0;
60		0.300000012		0.00100000005;
61		0.300000012		0.0;
62		0.310000002		0.00100000005;
63		0.310000002		0.0;
64		0.319999993		0.00100000005;
65		0.319999993		0.0;
66		0.330000013		0.00100000005;
67		0.330000013		0.0;
68		0.340000004		0.00100000005;
69		0.340000004		0.0;
70		0.349999994		0.00100000005;
71		0.349999994		0.0;
72		0.360000014		0.00100000005;
73		0.360000014		0.0;
74		0.370000005		0.00100000005;
75		0.370000005		0.0;
76		0.379999995		0.00100000005;
77		0.379999995		0.0;
78		0.389999986		0.00100000005;
79		0.389999986		0.0;
80		0.400000006		0.00100000005;
81		0.400000006		0.0;
</Nodes>

<Elements>
1		"ContElem"		0		1		3		2;
2		"ContElem"		2		3		5		4;
3		"ContElem"		4		5		7		6;
4		"ContElem"		6		7		9		8;
5		"ContElem"		8		9		11		10;
6		"ContElem"		10		11		13		12;
7		"ContElem"		12		13		15		14;
8		"ContElem"		14		15		17		16;
9		"ContElem"		16		17		19		18;
10		"ContElem"		18		19		21		20;
11		"ContElem"		20		21		23		22;
12		"ContElem"		22		23		25		24;
13		"ContElem"		24		25		27		26;
14		"ContElem"		26		27		29		28;
15		"ContElem"		28		29		31		30;
16		"ContElem"		30		31		33		32;
17		"ContElem"		32		33		35		34;
18		"ContElem"		34		35		37		36;
19		"ContElem"		36		37		39		38;
20		"ContElem"		38		39		41		40;
21		"ContElem"		40		41		43		42;
22		"ContElem"		42		43		45		44;
23		"ContElem"		44		45		47		46;
24		"ContElem"		46		47		49		48;
25		"ContElem"		48		49		51		50;
26		"ContElem"		50		51		53		52;
27		"ContElem"		52		53		55		54;
28		"ContElem"		54		55		57		56;
29		"ContElem"		56		57		59		58;
30		"ContElem"		58		59		61		60;
31		"ContElem"		60		61		63		62;
32		"ContElem"		62		63		65		64;
33		"ContElem"		64		65		67		66;
34		"ContElem"		66		67		69		68;
35		"ContElem"		68		69		71		70;
36		"ContElem"		70		71		73		72;
37		"ContElem"		72		73		75		74;
38		"ContElem"		74		75		77		76;
39		"ContElem"		76		77		79		78;
40		"ContElem"		78		79		81		80;
</Elements>

<NodeConstraints>
    u[0] = 0;
    v[0] = 0;
    u[1] = 0;
    v[1] = 0;
</NodeConstraints>

<ExternalForces>
    u[0] = 0.0;
    v[0] = -2.499999945;
    u[2] = 0.0;
    v[2] = -4.9999999;
    u[4] = 0.0;
    v[4] = -4.999999880000001;
    u[6] = 0.0;
    v[6] = -4.999999875000001;
    u[8] = 0.0;
    v[8] = -5.00000035;
    u[10] = 0.0;
    v[10] = -4.9999999;
    u[12] = 0.0;
    v[12] = -4.9999999000000015;
    u[14] = 0.0;
    v[14] = -4.999999875000001;
    u[16] = 0.0;
    v[16] = -5.000000825;
    u[18] = 0.0;
    v[18] = -5.000000699999999;
    u[20] = 0.0;
    v[20] = -4.999998849999999;
    u[22] = 0.0;
    v[22] = -4.999998999999998;
    u[24] = 0.0;
    v[24] = -4.999999000000002;
    u[26] = 0.0;
    v[26] = -5.000001000000005;
    u[28] = 0.0;
    v[28] = -5.000002749999997;
    u[30] = 0.0;
    v[30] = -4.999998749999998;
    u[32] = 0.0;
    v[32] = -4.999999000000005;
    u[34] = 0.0;
    v[34] = -5.000002749999997;
    u[36] = 0.0;
    v[36] = -4.999998999999998;
    u[38] = 0.0;
    v[38] = -4.999999000000005;
    u[40] = 0.0;
    v[40] = -4.999998749999998;
    u[42] = 0.0;
    v[42] = -4.999998999999998;
    u[44] = 0.0;
    v[44] = -5.000002750000004;
    u[46] = 0.0;
    v[46] = -4.999998999999998;
    u[48] = 0.0;
    v[48] = -4.999998999999998;
    u[50] = 0.0;
    v[50] = -4.999998750000005;
    u[52] = 0.0;
    v[52] = -5.000002749999997;
    u[54] = 0.0;
    v[54] = -5.000002749999997;
    u[56] = 0.0;
    v[56] = -4.99999525;
    u[58] = 0.0;
    v[58] = -5.000002749999997;
    u[60] = 0.0;
    v[60] = -5.0000025000000035;
    u[62] = 0.0;
    v[62] = -4.99999525;
    u[64] = 0.0;
    v[64] = -5.000002749999997;
    u[66] = 0.0;
    v[66] = -5.00000275000001;
    u[68] = 0.0;
    v[68] = -4.99999525;
    u[70] = 0.0;
    v[70] = -5.000002499999989;
    u[72] = 0.0;
    v[72] = -5.00000275000001;
    u[74] = 0.0;
    v[74] = -4.99999525;
    u[76] = 0.0;
    v[76] = -4.99999525;
    u[78] = 0.0;
    v[78] = -5.00000275000001;
    u[80] = 0.0;
    v[80] = -2.500005;
</ExternalForces>