<Nodes>
0		0.0264380388		0.0964418501;
1		0.0938603655		0.5;
2		-0.5		0.5;
3		-0.5		-0.000641271472;
4		-0.0999999866		-5.39062821e-05;
5		0.100000001		0.0;
6		0.5		0.000222921371;
7		0.5		0.5;
8		0.0934734941		-0.5;
9		0.026369717		-0.096460551;
10		-0.5		-0.5;
11		0.5		-0.5;
12		-0.0993014276		0.0117993997;
13		-0.0971991867		0.0235014502;
14		-0.0937146246		0.0348936841;
15		-0.088918902		0.0457539968;
16		-0.0829502121		0.0558503605;
17		-0.0756702051		0.0653759837;
18		-0.0672660172		0.0739951506;
19		-0.0577754453		0.0816210657;
20		-0.0472498611		0.0881331414;
21		-0.0358037241		0.0933707282;
22		-0.0236478131		0.0971636847;
23		-0.0110602453		0.099386476;
24		0.00165987178		0.0999862254;
25		0.014123085		0.0989976674;
26		0.0337289423		0.12434157;
27		0.0391148701		0.148871168;
28		0.0445092097		0.174178436;
29		0.0501427203		0.200643316;
30		0.0560921729		0.227458477;
31		0.0624349155		0.256331116;
32		0.0689996108		0.287843883;
33		0.0754553676		0.320721716;
34		0.0813442692		0.355745256;
35		0.0862264186		0.391296744;
36		0.0899560452		0.427233636;
37		0.0925567821		0.463669777;
38		0.0452944636		0.5;
39		-0.00270522386		0.5;
40		-0.0505455248		0.5;
41		-0.0984572172		0.5;
42		-0.146984234		0.5;
43		-0.197203398		0.5;
44		-0.246545598		0.5;
45		-0.296393722		0.5;
46		-0.345558643		0.5;
47		-0.396399766		0.5;
48		-0.448159128		0.5;
49		-0.5		0.449213892;
50		-0.5		0.39798972;
51		-0.5		0.346157879;
52		-0.5		0.295035154;
53		-0.5		0.241715208;
54		-0.5		0.190956235;
55		-0.5		0.141762897;
56		-0.5		0.0936744809;
57		-0.5		0.0463740416;
58		-0.463512659		-0.000417897478;
59		-0.42574501		-0.000198031223;
60		-0.387643635		2.00616196e-05;
61		-0.351363122		0.000202730298;
62		-0.315642715		0.000280559994;
63		-0.282224357		0.000313283206;
64		-0.250093073		0.000303594454;
65		-0.218373492		0.000251433288;
66		-0.188060611		0.00016740663;
67		-0.1593851		9.70587134e-05;
68		-0.131317005		5.79050538e-06;
69		0.44926405		0.5;
70		0.39827311		0.5;
71		0.347198248		0.5;
72		0.295176923		0.5;
73		0.243368968		0.5;
74		0.192782924		0.5;
75		0.143202931		0.5;
76		0.0383747406		0.0923438072;
77		0.0497259758		0.0867601708;
78		0.0605043843		0.0796192139;
79		0.0704356804		0.0709846169;
80		0.0793016702		0.0609199852;
81		0.0866511911		0.0499156453;
82		0.0924833193		0.0380373001;
83		0.0966691151		0.0255945716;
84		0.0991661549		0.0128869656;
85		0.12825343		-3.09678981e-05;
86		0.152883589		-6.28293928e-05;
87		0.178524375		-0.000131171022;
88		0.206328124		-0.000254946062;
89		0.231912002		-0.00029728096;
90		0.26046738		-0.000379713194;
91		0.291305393		-0.000434529153;
92		0.32298708		-0.000395723036;
93		0.356328011		-0.000292303041;
94		0.391310453		-0.000156614929;
95		0.427437603		-2.91885808e-05;
96		0.464094728		9.61888582e-05;
97		0.5		0.0490283929;
98		0.5		0.0979068652;
99		0.5		0.147066012;
100		0.5		0.196722403;
101		0.5		0.247019753;
102		0.5		0.297921509;
103		0.5		0.348855227;
104		0.5		0.399534255;
105		0.5		0.449867278;
106		-0.44845283		-0.5;
107		-0.396782041		-0.5;
108		-0.3454853		-0.5;
109		-0.295992136		-0.5;
110		-0.245791301		-0.5;
111		-0.196195379		-0.5;
112		-0.14633061		-0.5;
113		-0.0979255363		-0.5;
114		-0.0498293377		-0.5;
115		-0.00197266042		-0.5;
116		0.0457258821		-0.5;
117		0.092043981		-0.464076579;
118		0.0894581825		-0.427572519;
119		0.0857401639		-0.391241252;
120		0.0807958692		-0.356381565;
121		0.0748466253		-0.321668178;
122		0.0683994293		-0.288036078;
123		0.061928004		-0.257155597;
124		0.0558086894		-0.229365081;
125		0.0499792546		-0.201462775;
126		0.0442962907		-0.174020439;
127		0.0388957262		-0.148347199;
128		0.033546824		-0.12378975;
129		0.0141581148		-0.0989926681;
130		0.00156709587		-0.0999877229;
131		-0.0110483533		-0.0993877947;
132		-0.0235453229		-0.0971885696;
133		-0.0355980322		-0.0934493467;
134		-0.0469996706		-0.0882668197;
135		-0.0575406291		-0.0817867741;
136		-0.067079708		-0.0741640925;
137		-0.0754784942		-0.0655972362;
138		-0.0826936513		-0.056229528;
139		-0.0888267979		-0.0459325612;
140		-0.0936786309		-0.0349902026;
141		-0.0971787944		-0.0235856399;
142		-0.0992900804		-0.0118945222;
143		-0.5		-0.0480397679;
144		-0.5		-0.094779931;
145		-0.5		-0.142075524;
146		-0.5		-0.19091107;
147		-0.5		-0.240596101;
148		-0.5		-0.292237192;
149		-0.5		-0.344762295;
150		-0.5		-0.39720574;
151		-0.5		-0.448709041;
152		0.0991569534		-0.0129575757;
153		0.0966297314		-0.0257428549;
154		0.0924228802		-0.0381839052;
155		0.0865831971		-0.0500334948;
156		0.0790704936		-0.0612197444;
157		0.0703147724		-0.071104385;
158		0.0604202747		-0.0796830654;
159		0.0496477857		-0.0868049413;
160		0.0382295251		-0.0924040228;
161		0.142398998		-0.5;
162		0.19202739		-0.5;
163		0.242758304		-0.5;
164		0.294223815		-0.5;
165		0.345827937		-0.5;
166		0.397649735		-0.5;
167		0.448868722		-0.5;
168		0.5		-0.450089216;
169		0.5		-0.399900347;
170		0.5		-0.349330097;
171		0.5		-0.298550785;
172		0.5		-0.247731581;
173		0.5		-0.197248444;
174		0.5		-0.147264346;
175		0.5		-0.097768724;
176		0.5		-0.0486540832;
177		-0.324244827		0.280086666;
178		0.0385327078		0.359612286;
179		-0.00386305642		0.360887051;
180		-0.0461474061		0.358672142;
181		-0.088029474		0.35327369;
182		-0.13015075		0.34591496;
183		-0.172959864		0.336319447;
184		-0.21735014		0.323704213;
185		-0.265472591		0.306342602;
186		-0.279387385		0.238114163;
187		-0.245472729		0.207183808;
188		-0.216267273		0.181458503;
189		-0.189636961		0.1588462;
190		-0.16469498		0.138343841;
191		-0.1410961		0.119342104;
192		-0.118795834		0.101411596;
193		-0.0979028866		0.0842468515;
194		-0.343649089		0.450545311;
195		-0.339850575		0.399692506;
196		-0.333796114		0.344997257;
197		-0.447084457		0.292202622;
198		-0.390789807		0.287560195;
199		-0.386661947		0.0421726964;
200		-0.383444458		0.0848488361;
201		-0.376528054		0.128471687;
202		-0.365262687		0.17319341;
203		-0.349075973		0.221489295;
204		-0.0868873149		0.095019877;
205		-0.074444592		0.104385167;
206		-0.0607164018		0.11227034;
207		-0.0459343679		0.118666217;
208		-0.0303818937		0.123508908;
209		-0.014343123		0.126751378;
210		0.00207969593		0.128247738;
211		0.0177813526		0.127082899;
212		-0.105417766		0.114050835;
213		-0.0903130621		0.124980897;
214		-0.0737501979		0.134187117;
215		-0.0560154133		0.141716436;
216		-0.0374208577		0.147593707;
217		-0.0182432178		0.151801616;
218		0.00114044198		0.153789058;
219		0.02030202		0.153019369;
220		-0.125136495		0.134006113;
221		-0.107194036		0.146621257;
222		-0.0879268646		0.157538354;
223		-0.0668824315		0.166039765;
224		-0.0450332277		0.172898859;
225		-0.022619158		0.177918136;
226		9.04807748e-05		0.181024894;
227		0.02244303		0.179044351;
228		-0.145892963		0.155206501;
229		-0.124981984		0.169657856;
230		-0.102238223		0.181737438;
231		-0.0780244768		0.191544086;
232		-0.052878648		0.199393436;
233		-0.0271491855		0.205159843;
234		-0.00119197695		0.209198087;
235		0.0246895496		0.206444755;
236		-0.167667404		0.178114429;
237		-0.143235669		0.194330603;
238		-0.117373824		0.207879454;
239		-0.0896648839		0.218685582;
240		-0.0608193316		0.22721532;
241		-0.0316489451		0.233531967;
242		-0.00212536054		0.235268369;
243		0.0271407012		0.232810497;
244		-0.190489307		0.203352913;
245		-0.161966935		0.221266702;
246		-0.132215485		0.235858902;
247		-0.100599132		0.247322023;
248		-0.0684223399		0.256402999;
249		-0.0356443562		0.262084484;
250		-0.00280696247		0.26363942;
251		0.0298984498		0.261400014;
252		-0.214593679		0.231927544;
253		-0.181010008		0.251203477;
254		-0.146810949		0.266328782;
255		-0.111255556		0.277991503;
256		-0.0755823106		0.287093163;
257		-0.0395617001		0.293204993;
258		-0.00328595378		0.294097066;
259		0.0328318626		0.292627484;
260		-0.239984006		0.265406936;
261		-0.199790552		0.285022914;
262		-0.160283789		0.29965201;
263		-0.121051461		0.310794562;
264		-0.0820487142		0.319350421;
265		-0.0429292098		0.324988961;
266		-0.00359263667		0.326616555;
267		0.0358068235		0.324894488;
268		0.0410143249		0.394235998;
269		0.0431232229		0.429148346;
270		0.0446816757		0.464630038;
271		-0.00372604374		0.395094156;
272		-0.00322791561		0.429406047;
273		-0.0028646104		0.464462519;
274		-0.0480341241		0.39264828;
275		-0.0493134968		0.427759677;
276		-0.0500832945		0.463648856;
277		-0.0923026055		0.388522506;
278		-0.0953577757		0.424993843;
279		-0.097297594		0.46227634;
280		-0.136879817		0.382865608;
281		-0.141723871		0.421215832;
282		-0.144937783		0.46040386;
283		-0.182262585		0.375594735;
284		-0.18884252		0.416460812;
285		-0.193432838		0.458079219;
286		-0.229217499		0.366519541;
287		-0.237116262		0.41082105;
288		-0.242450774		0.455407321;
289		-0.279035896		0.355677783;
290		-0.287177771		0.404730082;
291		-0.292417824		0.452670693;
292		-0.395481527		0.449491173;
293		-0.447677642		0.449157;
294		-0.393467993		0.397861719;
295		-0.446899176		0.3976143;
296		-0.391126215		0.343967021;
297		-0.44627744		0.344985455;
298		-0.450440764		0.239154249;
299		-0.454664499		0.189166039;
300		-0.458396822		0.140657961;
301		-0.461056888		0.0927436426;
302		-0.462725699		0.0459053591;
303		-0.400014102		0.233052582;
304		-0.409260273		0.18282862;
305		-0.416720748		0.135464445;
306		-0.422136307		0.0895338356;
307		-0.425200492		0.0444331765;
308		-0.349939704		0.0393601805;
309		-0.31456387		0.0360024087;
310		-0.280815184		0.0324862748;
311		-0.248002753		0.028883379;
312		-0.217251062		0.025435647;
313		-0.186878711		0.0219869502;
314		-0.158384472		0.0187179465;
315		-0.130098656		0.0154180033;
316		-0.347169876		0.079062894;
317		-0.309829652		0.0717512667;
318		-0.276149243		0.0645424426;
319		-0.243413731		0.0572695211;
320		-0.213550419		0.050469581;
321		-0.183358893		0.0436099768;
322		-0.154482648		0.0369834378;
323		-0.127033174		0.0305540487;
324		-0.338525146		0.118888691;
325		-0.30143559		0.107397325;
326		-0.26806891		0.0962904692;
327		-0.235898539		0.0851779506;
328		-0.20531781		0.0745349377;
329		-0.176163092		0.0643697903;
330		-0.148432255		0.0546138845;
331		-0.122197166		0.0451821387;
332		-0.324462891		0.158295155;
333		-0.287487328		0.142062455;
334		-0.254661262		0.12658149;
335		-0.223547593		0.111544378;
336		-0.194280341		0.0974044949;
337		-0.16656892		0.0840509757;
338		-0.140344352		0.0713224337;
339		-0.115651496		0.0590920821;
340		-0.305876493		0.19865562;
341		-0.26938957		0.175975859;
342		-0.237237915		0.155156791;
343		-0.207891166		0.13616243;
344		-0.180505842		0.118665777;
345		-0.154693484		0.102327749;
346		-0.130347595		0.0868597925;
347		-0.107495897		0.0720647871;
348		0.280918628		0.289054126;
349		0.125232518		0.348827064;
350		0.171235159		0.339352727;
351		0.22083962		0.318707466;
352		0.287333965		0.352398574;
353		0.291584194		0.404858261;
354		0.294280171		0.453190267;
355		0.0897445455		0.0909316018;
356		0.107018523		0.109816611;
357		0.124614425		0.129348278;
358		0.142597884		0.148416564;
359		0.162483931		0.169625998;
360		0.184986204		0.194106519;
361		0.210309863		0.220791429;
362		0.240000382		0.249611214;
363		0.354884326		0.0432220176;
364		0.349941075		0.0871728361;
365		0.341761708		0.132153139;
366		0.328456461		0.178810775;
367		0.309320956		0.228709474;
368		0.45094341		0.297294617;
369		0.400442004		0.295840561;
370		0.345976353		0.293216377;
371		0.242147043		0.456163794;
372		0.191728786		0.459711105;
373		0.14162454		0.462309182;
374		0.238526881		0.411753803;
375		0.187384576		0.419255972;
376		0.137927368		0.424169362;
377		0.231952354		0.365739554;
378		0.181108937		0.380098343;
379		0.132620797		0.38643986;
380		0.115710273		0.312403053;
381		0.105198115		0.278091431;
382		0.0946222842		0.246744946;
383		0.0844714865		0.218069822;
384		0.0750845075		0.19227016;
385		0.0661828145		0.167101234;
386		0.057777483		0.143156976;
387		0.0488011055		0.118591107;
388		0.156804845		0.299151361;
389		0.141273022		0.264071047;
390		0.126151234		0.233100176;
391		0.111983284		0.205287054;
392		0.0990088806		0.180420518;
393		0.086971581		0.157024503;
394		0.0755325407		0.134368926;
395		0.0634163097		0.111204475;
396		0.198826984		0.27943927;
397		0.176809192		0.245262355;
398		0.156622678		0.215779036;
399		0.138198704		0.18914625;
400		0.121661074		0.16574122;
401		0.106838807		0.144981503;
402		0.0916782245		0.122773081;
403		0.0769374147		0.101802893;
404		0.10072054		0.0781605914;
405		0.110156603		0.0640712529;
406		0.117868476		0.0488265604;
407		0.1241033		0.0328809842;
408		0.127228647		0.0165631492;
409		0.120458163		0.0944881216;
410		0.131904155		0.0773900002;
411		0.141129836		0.0588973947;
412		0.14791891		0.0396176875;
413		0.151770294		0.0198883712;
414		0.140383661		0.111182757;
415		0.154450983		0.0914991945;
416		0.165579647		0.0694998205;
417		0.173000515		0.0466096401;
418		0.177382261		0.023326762;
419		0.161422729		0.128360868;
420		0.178022027		0.106067844;
421		0.190683454		0.0803500563;
422		0.199083954		0.0537411273;
423		0.203910857		0.0268017035;
424		0.18404457		0.146462306;
425		0.202691346		0.120657012;
426		0.216852248		0.091183871;
427		0.225692913		0.0608217791;
428		0.230469674		0.0302637424;
429		0.209580317		0.167205349;
430		0.229316041		0.135615066;
431		0.243701667		0.101873718;
432		0.253198892		0.0678117499;
433		0.258414119		0.0337031521;
434		0.237298906		0.187280893;
435		0.258274823		0.150425822;
436		0.273821265		0.112690903;
437		0.28346774		0.0747834295;
438		0.289214045		0.0371107273;
439		0.269486189		0.20779492;
440		0.290910959		0.165140003;
441		0.306758583		0.123167902;
442		0.316006333		0.0814135745;
443		0.321045995		0.040340133;
444		0.39020288		0.0455760062;
445		0.426725626		0.0473078862;
446		0.463749945		0.0484711751;
447		0.387111932		0.0919025987;
448		0.424564928		0.0951744318;
449		0.462013125		0.0969227999;
450		0.380200267		0.139094114;
451		0.419477075		0.14333564;
452		0.459545076		0.145751983;
453		0.370061755		0.187385127;
454		0.41316849		0.192498997;
455		0.456562102		0.195264414;
456		0.357950985		0.238225669;
457		0.40627408		0.243162379;
458		0.453444898		0.245685294;
459		0.44960171		0.348686963;
460		0.44916895		0.399626613;
461		0.449128836		0.449981034;
462		0.398055553		0.348503947;
463		0.397626638		0.400021285;
464		0.397861212		0.450331718;
465		0.344141424		0.348910809;
466		0.344942153		0.401278734;
467		0.346070439		0.451200187;
468		-0.324023813		-0.280079752;
469		0.0380543992		-0.359841645;
470		-0.00433785003		-0.361559391;
471		-0.0468791425		-0.360138446;
472		-0.0887294412		-0.354415774;
473		-0.130770788		-0.346924603;
474		-0.173435912		-0.337212205;
475		-0.217658073		-0.324412465;
476		-0.265536427		-0.306736827;
477		-0.334051371		-0.344955623;
478		-0.340103507		-0.399503469;
479		-0.343681633		-0.450383365;
480		-0.0980452821		-0.0846563876;
481		-0.118969366		-0.101923332;
482		-0.141173765		-0.119940706;
483		-0.164604202		-0.138996825;
484		-0.189368621		-0.159488976;
485		-0.215858802		-0.182014376;
486		-0.244923711		-0.207552135;
487		-0.278805405		-0.238234907;
488		-0.386336625		-0.042112086;
489		-0.382617474		-0.0847006068;
490		-0.375840127		-0.128284454;
491		-0.364561021		-0.172987163;
492		-0.348546594		-0.22132419;
493		-0.447012365		-0.291353226;
494		-0.39065057		-0.287172616;
495		-0.292702198		-0.452730805;
496		-0.242548406		-0.455538601;
497		-0.19337444		-0.458279729;
498		-0.144870937		-0.460713625;
499		-0.0970830172		-0.462788671;
500		-0.0497298092		-0.464531422;
501		-0.00257536443		-0.465965807;
502		0.0445175022		-0.46546185;
503		-0.287663043		-0.404866368;
504		-0.237414271		-0.411078691;
505		-0.188981891		-0.416852176;
506		-0.141747653		-0.421799421;
507		-0.0952958316		-0.425921559;
508		-0.0492778495		-0.429340661;
509		-0.0032189209		-0.43071577;
510		0.0428532101		-0.429888546;
511		-0.279296458		-0.355897814;
512		-0.229320049		-0.366909742;
513		-0.182301685		-0.376171947;
514		-0.136913836		-0.383657515;
515		-0.0923795775		-0.389654428;
516		-0.048236236		-0.394411981;
517		-0.00377338543		-0.395308614;
518		0.0407057777		-0.394389838;
519		0.0350777768		-0.326578557;
520		0.0321084969		-0.293682516;
521		0.0292413104		-0.262778848;
522		0.0266539007		-0.235160619;
523		0.0243758019		-0.206156686;
524		0.0222518127		-0.178312093;
525		0.0201211013		-0.15172863;
526		0.0180439632		-0.126842484;
527		-0.00455485377		-0.328556716;
528		-0.00428977329		-0.296066284;
529		-0.00372516341		-0.265116662;
530		-0.00301366672		-0.237358108;
531		-0.00158805272		-0.208238184;
532		-0.00013488112		-0.179721341;
533		0.00113828713		-0.152895033;
534		0.00176532322		-0.127367541;
535		-0.0442466512		-0.326606572;
536		-0.0408138335		-0.294249684;
537		-0.0368336923		-0.263341486;
538		-0.032345742		-0.233753458;
539		-0.0277310219		-0.205686241;
540		-0.0227000695		-0.177650452;
541		-0.0181510821		-0.151262969;
542		-0.0143567445		-0.126293287;
543		-0.0832168609		-0.320400357;
544		-0.0765704066		-0.287909746;
545		-0.0696458817		-0.257525653;
546		-0.0614363402		-0.227957398;
547		-0.0532856844		-0.200228214;
548		-0.0449376404		-0.173222452;
549		-0.0371580422		-0.147632644;
550		-0.0302716028		-0.123390056;
551		-0.122082934		-0.311967492;
552		-0.112036176		-0.279162288;
553		-0.101406083		-0.248685852;
554		-0.0904171318		-0.220229536;
555		-0.0784706324		-0.192912504;
556		-0.0665967464		-0.166757897;
557		-0.0556050241		-0.142103761;
558		-0.0456750095		-0.118740521;
559		-0.161533371		-0.301016599;
560		-0.147652045		-0.267868757;
561		-0.133205876		-0.237664551;
562		-0.11771775		-0.209443763;
563		-0.102352187		-0.183152571;
564		-0.0872491524		-0.158174917;
565		-0.0731960461		-0.134688199;
566		-0.0603385381		-0.112421624;
567		-0.201111481		-0.286407113;
568		-0.181947559		-0.252749264;
569		-0.162415519		-0.222761363;
570		-0.143191367		-0.195646584;
571		-0.124535307		-0.17071718;
572		-0.106593259		-0.147393167;
573		-0.0896947831		-0.125400156;
574		-0.0740476325		-0.104502983;
575		-0.240087718		-0.266103923;
576		-0.214430109		-0.232759461;
577		-0.190100744		-0.204217762;
578		-0.167101905		-0.178914472;
579		-0.145269409		-0.15588361;
580		-0.12452361		-0.134481847;
581		-0.104942828		-0.114306688;
582		-0.0866470709		-0.0950909033;
583		-0.107891254		-0.0725615844;
584		-0.116224408		-0.0594428256;
585		-0.122854643		-0.0453604609;
586		-0.127674147		-0.0306105148;
587		-0.13048552		-0.0154205607;
588		-0.131005675		-0.0874960199;
589		-0.141181022		-0.0716726184;
590		-0.14937523		-0.0546968281;
591		-0.155379787		-0.0368879177;
592		-0.158783212		-0.0185196958;
593		-0.155364648		-0.10299091;
594		-0.16737324		-0.0843363479;
595		-0.177223936		-0.0644042641;
596		-0.184264392		-0.0433789492;
597		-0.187308282		-0.0216711368;
598		-0.180997714		-0.11929293;
599		-0.195210695		-0.0978956297;
600		-0.20617187		-0.0744729787;
601		-0.213117987		-0.0499247834;
602		-0.216979593		-0.0249254126;
603		-0.208093807		-0.136685804;
604		-0.223825827		-0.111653574;
605		-0.236238986		-0.0848573372;
606		-0.244948506		-0.0569219701;
607		-0.248981923		-0.0283601824;
608		-0.237116516		-0.155511156;
609		-0.254406512		-0.12641412;
610		-0.267847925		-0.0957144201;
611		-0.276247025		-0.063953355;
612		-0.280616164		-0.0318578295;
613		-0.268943191		-0.176109016;
614		-0.287446111		-0.142035231;
615		-0.300719529		-0.106741711;
616		-0.309089005		-0.0710726455;
617		-0.31405744		-0.0353930667;
618		-0.305149049		-0.198511228;
619		-0.323729992		-0.157957405;
620		-0.336486667		-0.117814399;
621		-0.344884962		-0.0781702399;
622		-0.349160552		-0.0388681665;
623		-0.424911916		-0.0448659062;
624		-0.462483972		-0.0468599126;
625		-0.421750188		-0.0900835022;
626		-0.460552245		-0.0933292285;
627		-0.416163921		-0.135726228;
628		-0.457779408		-0.140332773;
629		-0.408758879		-0.182826489;
630		-0.454401553		-0.189304829;
631		-0.399582207		-0.232675418;
632		-0.450249016		-0.23859629;
633		-0.446505547		-0.344509661;
634		-0.447149634		-0.397061527;
635		-0.447869986		-0.448755205;
636		-0.391300648		-0.343561769;
637		-0.393607825		-0.397344232;
638		-0.395485342		-0.4491207;
639		0.281133235		-0.289509207;
640		0.124686942		-0.349695355;
641		0.170737505		-0.338732421;
642		0.220755592		-0.319192469;
643		0.239913285		-0.249108195;
644		0.209539354		-0.218595862;
645		0.184773147		-0.19355081;
646		0.162948534		-0.170619071;
647		0.142897636		-0.148944452;
648		0.12497589		-0.129610211;
649		0.107055031		-0.109562606;
650		0.0894591957		-0.0909098089;
651		0.29357934		-0.453365773;
652		0.291100472		-0.405137807;
653		0.287135303		-0.352669835;
654		0.4510113		-0.29785642;
655		0.400580943		-0.296323538;
656		0.346164256		-0.293650955;
657		0.355538756		-0.0438460708;
658		0.3514947		-0.0879602879;
659		0.343154073		-0.133147359;
660		0.329138219		-0.179384649;
661		0.309812665		-0.22919625;
662		0.0770371184		-0.102334931;
663		0.0634164587		-0.111746408;
664		0.0487719178		-0.118883602;
665		0.0918428749		-0.123569593;
666		0.0752206892		-0.134922475;
667		0.0575062111		-0.143346161;
668		0.10645441		-0.144694179;
669		0.0866909027		-0.157315731;
670		0.0658883825		-0.167162091;
671		0.1218004		-0.166869387;
672		0.0990077406		-0.181783125;
673		0.0749178231		-0.193251327;
674		0.138339251		-0.190393075;
675		0.111987546		-0.207157731;
676		0.084308587		-0.220020086;
677		0.156588167		-0.216756538;
678		0.125940159		-0.234325618;
679		0.094216384		-0.247603178;
680		0.176413953		-0.244904667;
681		0.140849754		-0.264314055;
682		0.104654834		-0.278265327;
683		0.198599786		-0.279116631;
684		0.15633519		-0.298817754;
685		0.115130901		-0.312111646;
686		0.132023394		-0.385866791;
687		0.137225524		-0.423801571;
688		0.140725464		-0.462667495;
689		0.180441126		-0.378503442;
690		0.186695054		-0.41909945;
691		0.190832585		-0.460016042;
692		0.231739089		-0.365831912;
693		0.237980425		-0.41183126;
694		0.241461456		-0.456303269;
695		0.345610261		-0.451467276;
696		0.397423565		-0.45055145;
697		0.448825359		-0.450173676;
698		0.344606817		-0.401672542;
699		0.397261888		-0.400333434;
700		0.448902249		-0.399905562;
701		0.343978584		-0.349262267;
702		0.397835791		-0.348783523;
703		0.44943735		-0.348968893;
704		0.453762293		-0.246562466;
705		0.457053244		-0.195927039;
706		0.46020326		-0.146090448;
707		0.462657243		-0.0969290435;
708		0.464290142		-0.0482981429;
709		0.406789094		-0.243872732;
710		0.413930535		-0.192972884;
711		0.420385212		-0.143540859;
712		0.425633669		-0.0952011719;
713		0.427619576		-0.0473642163;
714		0.358466059		-0.238717169;
715		0.370749176		-0.187682018;
716		0.380975753		-0.139245003;
717		0.388070464		-0.0921557993;
718		0.390950501		-0.0458844006;
719		0.321478814		-0.0411792397;
720		0.289357305		-0.0379830264;
721		0.258153617		-0.0344087481;
722		0.229981199		-0.0308075119;
723		0.204658508		-0.027323693;
724		0.176919594		-0.023528222;
725		0.152114898		-0.0199865922;
726		0.126658574		-0.0165861845;
727		0.31612736		-0.0823490322;
728		0.283222735		-0.0756417066;
729		0.252517879		-0.0684354901;
730		0.224450156		-0.0611395203;
731		0.199452192		-0.0541841649;
732		0.172380641		-0.0466714352;
733		0.147588745		-0.0396125428;
734		0.123049848		-0.0328967869;
735		0.308194369		-0.124602176;
736		0.274690062		-0.113777518;
737		0.244245037		-0.102551997;
738		0.215558589		-0.0911016613;
739		0.190969631		-0.0806205198;
740		0.16497165		-0.0692725778;
741		0.140469626		-0.058589153;
742		0.117329352		-0.0486735553;
743		0.291674525		-0.165989667;
744		0.258173078		-0.150487751;
745		0.228939548		-0.135285601;
746		0.202159375		-0.120041855;
747		0.178192258		-0.105707049;
748		0.154119954		-0.0908367261;
749		0.131215334		-0.0767256245;
750		0.109692164		-0.0638007;
751		0.269990921		-0.208299845;
752		0.236841172		-0.186152428;
753		0.209271401		-0.166315049;
754		0.185047284		-0.147665948;
755		0.161828309		-0.12856926;
756		0.140695736		-0.111058958;
757		0.11987967		-0.0938045457;
758		0.100281529		-0.0779814646;
</Nodes>

<Elements>
1		"ContElem"		17		18		204		193;
2		"ContElem"		18		19		205		204;
3		"ContElem"		19		20		206		205;
4		"ContElem"		20		21		207		206;
5		"ContElem"		21		22		208		207;
6		"ContElem"		22		23		209		208;
7		"ContElem"		23		24		210		209;
8		"ContElem"		24		25		211		210;
9		"ContElem"		25		0		26		211;
10		"ContElem"		193		204		212		192;
11		"ContElem"		204		205		213		212;
12		"ContElem"		205		206		214		213;
13		"ContElem"		206		207		215		214;
14		"ContElem"		207		208		216		215;
15		"ContElem"		208		209		217		216;
16		"ContElem"		209		210		218		217;
17		"ContElem"		210		211		219		218;
18		"ContElem"		211		26		27		219;
19		"ContElem"		192		212		220		191;
20		"ContElem"		212		213		221		220;
21		"ContElem"		213		214		222		221;
22		"ContElem"		214		215		223		222;
23		"ContElem"		215		216		224		223;
24		"ContElem"		216		217		225		224;
25		"ContElem"		217		218		226		225;
26		"ContElem"		218		219		227		226;
27		"ContElem"		219		27		28		227;
28		"ContElem"		191		220		228		190;
29		"ContElem"		220		221		229		228;
30		"ContElem"		221		222		230		229;
31		"ContElem"		222		223		231		230;
32		"ContElem"		223		224		232		231;
33		"ContElem"		224		225		233		232;
34		"ContElem"		225		226		234		233;
35		"ContElem"		226		227		235		234;
36		"ContElem"		227		28		29		235;
37		"ContElem"		190		228		236		189;
38		"ContElem"		228		229		237		236;
39		"ContElem"		229		230		238		237;
40		"ContElem"		230		231		239		238;
41		"ContElem"		231		232		240		239;
42		"ContElem"		232		233		241		240;
43		"ContElem"		233		234		242		241;
44		"ContElem"		234		235		243		242;
45		"ContElem"		235		29		30		243;
46		"ContElem"		189		236		244		188;
47		"ContElem"		236		237		245		244;
48		"ContElem"		237		238		246		245;
49		"ContElem"		238		239		247		246;
50		"ContElem"		239		240		248		247;
51		"ContElem"		240		241		249		248;
52		"ContElem"		241		242		250		249;
53		"ContElem"		242		243		251		250;
54		"ContElem"		243		30		31		251;
55		"ContElem"		188		244		252		187;
56		"ContElem"		244		245		253		252;
57		"ContElem"		245		246		254		253;
58		"ContElem"		246		247		255		254;
59		"ContElem"		247		248		256		255;
60		"ContElem"		248		249		257		256;
61		"ContElem"		249		250		258		257;
62		"ContElem"		250		251		259		258;
63		"ContElem"		251		31		32		259;
64		"ContElem"		187		252		260		186;
65		"ContElem"		252		253		261		260;
66		"ContElem"		253		254		262		261;
67		"ContElem"		254		255		263		262;
68		"ContElem"		255		256		264		263;
69		"ContElem"		256		257		265		264;
70		"ContElem"		257		258		266		265;
71		"ContElem"		258		259		267		266;
72		"ContElem"		259		32		33		267;
73		"ContElem"		186		260		185		177;
74		"ContElem"		260		261		184		185;
75		"ContElem"		261		262		183		184;
76		"ContElem"		262		263		182		183;
77		"ContElem"		263		264		181		182;
78		"ContElem"		264		265		180		181;
79		"ContElem"		265		266		179		180;
80		"ContElem"		266		267		178		179;
81		"ContElem"		267		33		34		178;
82		"ContElem"		34		35		268		178;
83		"ContElem"		35		36		269		268;
84		"ContElem"		36		37		270		269;
85		"ContElem"		37		1		38		270;
86		"ContElem"		178		268		271		179;
87		"ContElem"		268		269		272		271;
88		"ContElem"		269		270		273		272;
89		"ContElem"		270		38		39		273;
90		"ContElem"		179		271		274		180;
91		"ContElem"		271		272		275		274;
92		"ContElem"		272		273		276		275;
93		"ContElem"		273		39		40		276;
94		"ContElem"		180		274		277		181;
95		"ContElem"		274		275		278		277;
96		"ContElem"		275		276		279		278;
97		"ContElem"		276		40		41		279;
98		"ContElem"		181		277		280		182;
99		"ContElem"		277		278		281		280;
100		"ContElem"		278		279		282		281;
101		"ContElem"		279		41		42		282;
102		"ContElem"		182		280		283		183;
103		"ContElem"		280		281		284		283;
104		"ContElem"		281		282		285		284;
105		"ContElem"		282		42		43		285;
106		"ContElem"		183		283		286		184;
107		"ContElem"		283		284		287		286;
108		"ContElem"		284		285		288		287;
109		"ContElem"		285		43		44		288;
110		"ContElem"		184		286		289		185;
111		"ContElem"		286		287		290		289;
112		"ContElem"		287		288		291		290;
113		"ContElem"		288		44		45		291;
114		"ContElem"		185		289		196		177;
115		"ContElem"		289		290		195		196;
116		"ContElem"		290		291		194		195;
117		"ContElem"		291		45		46		194;
118		"ContElem"		46		47		292		194;
119		"ContElem"		47		48		293		292;
120		"ContElem"		48		2		49		293;
121		"ContElem"		194		292		294		195;
122		"ContElem"		292		293		295		294;
123		"ContElem"		293		49		50		295;
124		"ContElem"		195		294		296		196;
125		"ContElem"		294		295		297		296;
126		"ContElem"		295		50		51		297;
127		"ContElem"		196		296		198		177;
128		"ContElem"		296		297		197		198;
129		"ContElem"		297		51		52		197;
130		"ContElem"		52		53		298		197;
131		"ContElem"		53		54		299		298;
132		"ContElem"		54		55		300		299;
133		"ContElem"		55		56		301		300;
134		"ContElem"		56		57		302		301;
135		"ContElem"		57		3		58		302;
136		"ContElem"		197		298		303		198;
137		"ContElem"		298		299		304		303;
138		"ContElem"		299		300		305		304;
139		"ContElem"		300		301		306		305;
140		"ContElem"		301		302		307		306;
141		"ContElem"		302		58		59		307;
142		"ContElem"		198		303		203		177;
143		"ContElem"		303		304		202		203;
144		"ContElem"		304		305		201		202;
145		"ContElem"		305		306		200		201;
146		"ContElem"		306		307		199		200;
147		"ContElem"		307		59		60		199;
148		"ContElem"		60		61		308		199;
149		"ContElem"		61		62		309		308;
150		"ContElem"		62		63		310		309;
151		"ContElem"		63		64		311		310;
152		"ContElem"		64		65		312		311;
153		"ContElem"		65		66		313		312;
154		"ContElem"		66		67		314		313;
155		"ContElem"		67		68		315		314;
156		"ContElem"		68		4		12		315;
157		"ContElem"		199		308		316		200;
158		"ContElem"		308		309		317		316;
159		"ContElem"		309		310		318		317;
160		"ContElem"		310		311		319		318;
161		"ContElem"		311		312		320		319;
162		"ContElem"		312		313		321		320;
163		"ContElem"		313		314		322		321;
164		"ContElem"		314		315		323		322;
165		"ContElem"		315		12		13		323;
166		"ContElem"		200		316		324		201;
167		"ContElem"		316		317		325		324;
168		"ContElem"		317		318		326		325;
169		"ContElem"		318		319		327		326;
170		"ContElem"		319		320		328		327;
171		"ContElem"		320		321		329		328;
172		"ContElem"		321		322		330		329;
173		"ContElem"		322		323		331		330;
174		"ContElem"		323		13		14		331;
175		"ContElem"		201		324		332		202;
176		"ContElem"		324		325		333		332;
177		"ContElem"		325		326		334		333;
178		"ContElem"		326		327		335		334;
179		"ContElem"		327		328		336		335;
180		"ContElem"		328		329		337		336;
181		"ContElem"		329		330		338		337;
182		"ContElem"		330		331		339		338;
183		"ContElem"		331		14		15		339;
184		"ContElem"		202		332		340		203;
185		"ContElem"		332		333		341		340;
186		"ContElem"		333		334		342		341;
187		"ContElem"		334		335		343		342;
188		"ContElem"		335		336		344		343;
189		"ContElem"		336		337		345		344;
190		"ContElem"		337		338		346		345;
191		"ContElem"		338		339		347		346;
192		"ContElem"		339		15		16		347;
193		"ContElem"		203		340		186		177;
194		"ContElem"		340		341		187		186;
195		"ContElem"		341		342		188		187;
196		"ContElem"		342		343		189		188;
197		"ContElem"		343		344		190		189;
198		"ContElem"		344		345		191		190;
199		"ContElem"		345		346		192		191;
200		"ContElem"		346		347		193		192;
201		"ContElem"		347		16		17		193;
202		"ContElem"		72		73		371		354;
203		"ContElem"		73		74		372		371;
204		"ContElem"		74		75		373		372;
205		"ContElem"		75		1		37		373;
206		"ContElem"		354		371		374		353;
207		"ContElem"		371		372		375		374;
208		"ContElem"		372		373		376		375;
209		"ContElem"		373		37		36		376;
210		"ContElem"		353		374		377		352;
211		"ContElem"		374		375		378		377;
212		"ContElem"		375		376		379		378;
213		"ContElem"		376		36		35		379;
214		"ContElem"		352		377		351		348;
215		"ContElem"		377		378		350		351;
216		"ContElem"		378		379		349		350;
217		"ContElem"		379		35		34		349;
218		"ContElem"		34		33		380		349;
219		"ContElem"		33		32		381		380;
220		"ContElem"		32		31		382		381;
221		"ContElem"		31		30		383		382;
222		"ContElem"		30		29		384		383;
223		"ContElem"		29		28		385		384;
224		"ContElem"		28		27		386		385;
225		"ContElem"		27		26		387		386;
226		"ContElem"		26		0		76		387;
227		"ContElem"		349		380		388		350;
228		"ContElem"		380		381		389		388;
229		"ContElem"		381		382		390		389;
230		"ContElem"		382		383		391		390;
231		"ContElem"		383		384		392		391;
232		"ContElem"		384		385		393		392;
233		"ContElem"		385		386		394		393;
234		"ContElem"		386		387		395		394;
235		"ContElem"		387		76		77		395;
236		"ContElem"		350		388		396		351;
237		"ContElem"		388		389		397		396;
238		"ContElem"		389		390		398		397;
239		"ContElem"		390		391		399		398;
240		"ContElem"		391		392		400		399;
241		"ContElem"		392		393		401		400;
242		"ContElem"		393		394		402		401;
243		"ContElem"		394		395		403		402;
244		"ContElem"		395		77		78		403;
245		"ContElem"		351		396		362		348;
246		"ContElem"		396		397		361		362;
247		"ContElem"		397		398		360		361;
248		"ContElem"		398		399		359		360;
249		"ContElem"		399		400		358		359;
250		"ContElem"		400		401		357		358;
251		"ContElem"		401		402		356		357;
252		"ContElem"		402		403		355		356;
253		"ContElem"		403		78		79		355;
254		"ContElem"		79		80		404		355;
255		"ContElem"		80		81		405		404;
256		"ContElem"		81		82		406		405;
257		"ContElem"		82		83		407		406;
258		"ContElem"		83		84		408		407;
259		"ContElem"		84		5		85		408;
260		"ContElem"		355		404		409		356;
261		"ContElem"		404		405		410		409;
262		"ContElem"		405		406		411		410;
263		"ContElem"		406		407		412		411;
264		"ContElem"		407		408		413		412;
265		"ContElem"		408		85		86		413;
266		"ContElem"		356		409		414		357;
267		"ContElem"		409		410		415		414;
268		"ContElem"		410		411		416		415;
269		"ContElem"		411		412		417		416;
270		"ContElem"		412		413		418		417;
271		"ContElem"		413		86		87		418;
272		"ContElem"		357		414		419		358;
273		"ContElem"		414		415		420		419;
274		"ContElem"		415		416		421		420;
275		"ContElem"		416		417		422		421;
276		"ContElem"		417		418		423		422;
277		"ContElem"		418		87		88		423;
278		"ContElem"		358		419		424		359;
279		"ContElem"		419		420		425		424;
280		"ContElem"		420		421		426		425;
281		"ContElem"		421		422		427		426;
282		"ContElem"		422		423		428		427;
283		"ContElem"		423		88		89		428;
284		"ContElem"		359		424		429		360;
285		"ContElem"		424		425		430		429;
286		"ContElem"		425		426		431		430;
287		"ContElem"		426		427		432		431;
288		"ContElem"		427		428		433		432;
289		"ContElem"		428		89		90		433;
290		"ContElem"		360		429		434		361;
291		"ContElem"		429		430		435		434;
292		"ContElem"		430		431		436		435;
293		"ContElem"		431		432		437		436;
294		"ContElem"		432		433		438		437;
295		"ContElem"		433		90		91		438;
296		"ContElem"		361		434		439		362;
297		"ContElem"		434		435		440		439;
298		"ContElem"		435		436		441		440;
299		"ContElem"		436		437		442		441;
300		"ContElem"		437		438		443		442;
301		"ContElem"		438		91		92		443;
302		"ContElem"		362		439		367		348;
303		"ContElem"		439		440		366		367;
304		"ContElem"		440		441		365		366;
305		"ContElem"		441		442		364		365;
306		"ContElem"		442		443		363		364;
307		"ContElem"		443		92		93		363;
308		"ContElem"		93		94		444		363;
309		"ContElem"		94		95		445		444;
310		"ContElem"		95		96		446		445;
311		"ContElem"		96		6		97		446;
312		"ContElem"		363		444		447		364;
313		"ContElem"		444		445		448		447;
314		"ContElem"		445		446		449		448;
315		"ContElem"		446		97		98		449;
316		"ContElem"		364		447		450		365;
317		"ContElem"		447		448		451		450;
318		"ContElem"		448		449		452		451;
319		"ContElem"		449		98		99		452;
320		"ContElem"		365		450		453		366;
321		"ContElem"		450		451		454		453;
322		"ContElem"		451		452		455		454;
323		"ContElem"		452		99		100		455;
324		"ContElem"		366		453		456		367;
325		"ContElem"		453		454		457		456;
326		"ContElem"		454		455		458		457;
327		"ContElem"		455		100		101		458;
328		"ContElem"		367		456		370		348;
329		"ContElem"		456		457		369		370;
330		"ContElem"		457		458		368		369;
331		"ContElem"		458		101		102		368;
332		"ContElem"		102		103		459		368;
333		"ContElem"		103		104		460		459;
334		"ContElem"		104		105		461		460;
335		"ContElem"		105		7		69		461;
336		"ContElem"		368		459		462		369;
337		"ContElem"		459		460		463		462;
338		"ContElem"		460		461		464		463;
339		"ContElem"		461		69		70		464;
340		"ContElem"		369		462		465		370;
341		"ContElem"		462		463		466		465;
342		"ContElem"		463		464		467		466;
343		"ContElem"		464		70		71		467;
344		"ContElem"		370		465		352		348;
345		"ContElem"		465		466		353		352;
346		"ContElem"		466		467		354		353;
347		"ContElem"		467		71		72		354;
348		"ContElem"		108		109		495		479;
349		"ContElem"		109		110		496		495;
350		"ContElem"		110		111		497		496;
351		"ContElem"		111		112		498		497;
352		"ContElem"		112		113		499		498;
353		"ContElem"		113		114		500		499;
354		"ContElem"		114		115		501		500;
355		"ContElem"		115		116		502		501;
356		"ContElem"		116		8		117		502;
357		"ContElem"		479		495		503		478;
358		"ContElem"		495		496		504		503;
359		"ContElem"		496		497		505		504;
360		"ContElem"		497		498		506		505;
361		"ContElem"		498		499		507		506;
362		"ContElem"		499		500		508		507;
363		"ContElem"		500		501		509		508;
364		"ContElem"		501		502		510		509;
365		"ContElem"		502		117		118		510;
366		"ContElem"		478		503		511		477;
367		"ContElem"		503		504		512		511;
368		"ContElem"		504		505		513		512;
369		"ContElem"		505		506		514		513;
370		"ContElem"		506		507		515		514;
371		"ContElem"		507		508		516		515;
372		"ContElem"		508		509		517		516;
373		"ContElem"		509		510		518		517;
374		"ContElem"		510		118		119		518;
375		"ContElem"		477		511		476		468;
376		"ContElem"		511		512		475		476;
377		"ContElem"		512		513		474		475;
378		"ContElem"		513		514		473		474;
379		"ContElem"		514		515		472		473;
380		"ContElem"		515		516		471		472;
381		"ContElem"		516		517		470		471;
382		"ContElem"		517		518		469		470;
383		"ContElem"		518		119		120		469;
384		"ContElem"		120		121		519		469;
385		"ContElem"		121		122		520		519;
386		"ContElem"		122		123		521		520;
387		"ContElem"		123		124		522		521;
388		"ContElem"		124		125		523		522;
389		"ContElem"		125		126		524		523;
390		"ContElem"		126		127		525		524;
391		"ContElem"		127		128		526		525;
392		"ContElem"		128		9		129		526;
393		"ContElem"		469		519		527		470;
394		"ContElem"		519		520		528		527;
395		"ContElem"		520		521		529		528;
396		"ContElem"		521		522		530		529;
397		"ContElem"		522		523		531		530;
398		"ContElem"		523		524		532		531;
399		"ContElem"		524		525		533		532;
400		"ContElem"		525		526		534		533;
401		"ContElem"		526		129		130		534;
402		"ContElem"		470		527		535		471;
403		"ContElem"		527		528		536		535;
404		"ContElem"		528		529		537		536;
405		"ContElem"		529		530		538		537;
406		"ContElem"		530		531		539		538;
407		"ContElem"		531		532		540		539;
408		"ContElem"		532		533		541		540;
409		"ContElem"		533		534		542		541;
410		"ContElem"		534		130		131		542;
411		"ContElem"		471		535		543		472;
412		"ContElem"		535		536		544		543;
413		"ContElem"		536		537		545		544;
414		"ContElem"		537		538		546		545;
415		"ContElem"		538		539		547		546;
416		"ContElem"		539		540		548		547;
417		"ContElem"		540		541		549		548;
418		"ContElem"		541		542		550		549;
419		"ContElem"		542		131		132		550;
420		"ContElem"		472		543		551		473;
421		"ContElem"		543		544		552		551;
422		"ContElem"		544		545		553		552;
423		"ContElem"		545		546		554		553;
424		"ContElem"		546		547		555		554;
425		"ContElem"		547		548		556		555;
426		"ContElem"		548		549		557		556;
427		"ContElem"		549		550		558		557;
428		"ContElem"		550		132		133		558;
429		"ContElem"		473		551		559		474;
430		"ContElem"		551		552		560		559;
431		"ContElem"		552		553		561		560;
432		"ContElem"		553		554		562		561;
433		"ContElem"		554		555		563		562;
434		"ContElem"		555		556		564		563;
435		"ContElem"		556		557		565		564;
436		"ContElem"		557		558		566		565;
437		"ContElem"		558		133		134		566;
438		"ContElem"		474		559		567		475;
439		"ContElem"		559		560		568		567;
440		"ContElem"		560		561		569		568;
441		"ContElem"		561		562		570		569;
442		"ContElem"		562		563		571		570;
443		"ContElem"		563		564		572		571;
444		"ContElem"		564		565		573		572;
445		"ContElem"		565		566		574		573;
446		"ContElem"		566		134		135		574;
447		"ContElem"		475		567		575		476;
448		"ContElem"		567		568		576		575;
449		"ContElem"		568		569		577		576;
450		"ContElem"		569		570		578		577;
451		"ContElem"		570		571		579		578;
452		"ContElem"		571		572		580		579;
453		"ContElem"		572		573		581		580;
454		"ContElem"		573		574		582		581;
455		"ContElem"		574		135		136		582;
456		"ContElem"		476		575		487		468;
457		"ContElem"		575		576		486		487;
458		"ContElem"		576		577		485		486;
459		"ContElem"		577		578		484		485;
460		"ContElem"		578		579		483		484;
461		"ContElem"		579		580		482		483;
462		"ContElem"		580		581		481		482;
463		"ContElem"		581		582		480		481;
464		"ContElem"		582		136		137		480;
465		"ContElem"		137		138		583		480;
466		"ContElem"		138		139		584		583;
467		"ContElem"		139		140		585		584;
468		"ContElem"		140		141		586		585;
469		"ContElem"		141		142		587		586;
470		"ContElem"		142		4		68		587;
471		"ContElem"		480		583		588		481;
472		"ContElem"		583		584		589		588;
473		"ContElem"		584		585		590		589;
474		"ContElem"		585		586		591		590;
475		"ContElem"		586		587		592		591;
476		"ContElem"		587		68		67		592;
477		"ContElem"		481		588		593		482;
478		"ContElem"		588		589		594		593;
479		"ContElem"		589		590		595		594;
480		"ContElem"		590		591		596		595;
481		"ContElem"		591		592		597		596;
482		"ContElem"		592		67		66		597;
483		"ContElem"		482		593		598		483;
484		"ContElem"		593		594		599		598;
485		"ContElem"		594		595		600		599;
486		"ContElem"		595		596		601		600;
487		"ContElem"		596		597		602		601;
488		"ContElem"		597		66		65		602;
489		"ContElem"		483		598		603		484;
490		"ContElem"		598		599		604		603;
491		"ContElem"		599		600		605		604;
492		"ContElem"		600		601		606		605;
493		"ContElem"		601		602		607		606;
494		"ContElem"		602		65		64		607;
495		"ContElem"		484		603		608		485;
496		"ContElem"		603		604		609		608;
497		"ContElem"		604		605		610		609;
498		"ContElem"		605		606		611		610;
499		"ContElem"		606		607		612		611;
500		"ContElem"		607		64		63		612;
501		"ContElem"		485		608		613		486;
502		"ContElem"		608		609		614		613;
503		"ContElem"		609		610		615		614;
504		"ContElem"		610		611		616		615;
505		"ContElem"		611		612		617		616;
506		"ContElem"		612		63		62		617;
507		"ContElem"		486		613		618		487;
508		"ContElem"		613		614		619		618;
509		"ContElem"		614		615		620		619;
510		"ContElem"		615		616		621		620;
511		"ContElem"		616		617		622		621;
512		"ContElem"		617		62		61		622;
513		"ContElem"		487		618		492		468;
514		"ContElem"		618		619		491		492;
515		"ContElem"		619		620		490		491;
516		"ContElem"		620		621		489		490;
517		"ContElem"		621		622		488		489;
518		"ContElem"		622		61		60		488;
519		"ContElem"		60		59		623		488;
520		"ContElem"		59		58		624		623;
521		"ContElem"		58		3		143		624;
522		"ContElem"		488		623		625		489;
523		"ContElem"		623		624		626		625;
524		"ContElem"		624		143		144		626;
525		"ContElem"		489		625		627		490;
526		"ContElem"		625		626		628		627;
527		"ContElem"		626		144		145		628;
528		"ContElem"		490		627		629		491;
529		"ContElem"		627		628		630		629;
530		"ContElem"		628		145		146		630;
531		"ContElem"		491		629		631		492;
532		"ContElem"		629		630		632		631;
533		"ContElem"		630		146		147		632;
534		"ContElem"		492		631		494		468;
535		"ContElem"		631		632		493		494;
536		"ContElem"		632		147		148		493;
537		"ContElem"		148		149		633		493;
538		"ContElem"		149		150		634		633;
539		"ContElem"		150		151		635		634;
540		"ContElem"		151		10		106		635;
541		"ContElem"		493		633		636		494;
542		"ContElem"		633		634		637		636;
543		"ContElem"		634		635		638		637;
544		"ContElem"		635		106		107		638;
545		"ContElem"		494		636		477		468;
546		"ContElem"		636		637		478		477;
547		"ContElem"		637		638		479		478;
548		"ContElem"		638		107		108		479;
549		"ContElem"		157		158		662		650;
550		"ContElem"		158		159		663		662;
551		"ContElem"		159		160		664		663;
552		"ContElem"		160		9		128		664;
553		"ContElem"		650		662		665		649;
554		"ContElem"		662		663		666		665;
555		"ContElem"		663		664		667		666;
556		"ContElem"		664		128		127		667;
557		"ContElem"		649		665		668		648;
558		"ContElem"		665		666		669		668;
559		"ContElem"		666		667		670		669;
560		"ContElem"		667		127		126		670;
561		"ContElem"		648		668		671		647;
562		"ContElem"		668		669		672		671;
563		"ContElem"		669		670		673		672;
564		"ContElem"		670		126		125		673;
565		"ContElem"		647		671		674		646;
566		"ContElem"		671		672		675		674;
567		"ContElem"		672		673		676		675;
568		"ContElem"		673		125		124		676;
569		"ContElem"		646		674		677		645;
570		"ContElem"		674		675		678		677;
571		"ContElem"		675		676		679		678;
572		"ContElem"		676		124		123		679;
573		"ContElem"		645		677		680		644;
574		"ContElem"		677		678		681		680;
575		"ContElem"		678		679		682		681;
576		"ContElem"		679		123		122		682;
577		"ContElem"		644		680		683		643;
578		"ContElem"		680		681		684		683;
579		"ContElem"		681		682		685		684;
580		"ContElem"		682		122		121		685;
581		"ContElem"		643		683		642		639;
582		"ContElem"		683		684		641		642;
583		"ContElem"		684		685		640		641;
584		"ContElem"		685		121		120		640;
585		"ContElem"		120		119		686		640;
586		"ContElem"		119		118		687		686;
587		"ContElem"		118		117		688		687;
588		"ContElem"		117		8		161		688;
589		"ContElem"		640		686		689		641;
590		"ContElem"		686		687		690		689;
591		"ContElem"		687		688		691		690;
592		"ContElem"		688		161		162		691;
593		"ContElem"		641		689		692		642;
594		"ContElem"		689		690		693		692;
595		"ContElem"		690		691		694		693;
596		"ContElem"		691		162		163		694;
597		"ContElem"		642		692		653		639;
598		"ContElem"		692		693		652		653;
599		"ContElem"		693		694		651		652;
600		"ContElem"		694		163		164		651;
601		"ContElem"		164		165		695		651;
602		"ContElem"		165		166		696		695;
603		"ContElem"		166		167		697		696;
604		"ContElem"		167		11		168		697;
605		"ContElem"		651		695		698		652;
606		"ContElem"		695		696		699		698;
607		"ContElem"		696		697		700		699;
608		"ContElem"		697		168		169		700;
609		"ContElem"		652		698		701		653;
610		"ContElem"		698		699		702		701;
611		"ContElem"		699		700		703		702;
612		"ContElem"		700		169		170		703;
613		"ContElem"		653		701		656		639;
614		"ContElem"		701		702		655		656;
615		"ContElem"		702		703		654		655;
616		"ContElem"		703		170		171		654;
617		"ContElem"		171		172		704		654;
618		"ContElem"		172		173		705		704;
619		"ContElem"		173		174		706		705;
620		"ContElem"		174		175		707		706;
621		"ContElem"		175		176		708		707;
622		"ContElem"		176		6		96		708;
623		"ContElem"		654		704		709		655;
624		"ContElem"		704		705		710		709;
625		"ContElem"		705		706		711		710;
626		"ContElem"		706		707		712		711;
627		"ContElem"		707		708		713		712;
628		"ContElem"		708		96		95		713;
629		"ContElem"		655		709		714		656;
630		"ContElem"		709		710		715		714;
631		"ContElem"		710		711		716		715;
632		"ContElem"		711		712		717		716;
633		"ContElem"		712		713		718		717;
634		"ContElem"		713		95		94		718;
635		"ContElem"		656		714		661		639;
636		"ContElem"		714		715		660		661;
637		"ContElem"		715		716		659		660;
638		"ContElem"		716		717		658		659;
639		"ContElem"		717		718		657		658;
640		"ContElem"		718		94		93		657;
641		"ContElem"		93		92		719		657;
642		"ContElem"		92		91		720		719;
643		"ContElem"		91		90		721		720;
644		"ContElem"		90		89		722		721;
645		"ContElem"		89		88		723		722;
646		"ContElem"		88		87		724		723;
647		"ContElem"		87		86		725		724;
648		"ContElem"		86		85		726		725;
649		"ContElem"		85		5		152		726;
650		"ContElem"		657		719		727		658;
651		"ContElem"		719		720		728		727;
652		"ContElem"		720		721		729		728;
653		"ContElem"		721		722		730		729;
654		"ContElem"		722		723		731		730;
655		"ContElem"		723		724		732		731;
656		"ContElem"		724		725		733		732;
657		"ContElem"		725		726		734		733;
658		"ContElem"		726		152		153		734;
659		"ContElem"		658		727		735		659;
660		"ContElem"		727		728		736		735;
661		"ContElem"		728		729		737		736;
662		"ContElem"		729		730		738		737;
663		"ContElem"		730		731		739		738;
664		"ContElem"		731		732		740		739;
665		"ContElem"		732		733		741		740;
666		"ContElem"		733		734		742		741;
667		"ContElem"		734		153		154		742;
668		"ContElem"		659		735		743		660;
669		"ContElem"		735		736		744		743;
670		"ContElem"		736		737		745		744;
671		"ContElem"		737		738		746		745;
672		"ContElem"		738		739		747		746;
673		"ContElem"		739		740		748		747;
674		"ContElem"		740		741		749		748;
675		"ContElem"		741		742		750		749;
676		"ContElem"		742		154		155		750;
677		"ContElem"		660		743		751		661;
678		"ContElem"		743		744		752		751;
679		"ContElem"		744		745		753		752;
680		"ContElem"		745		746		754		753;
681		"ContElem"		746		747		755		754;
682		"ContElem"		747		748		756		755;
683		"ContElem"		748		749		757		756;
684		"ContElem"		749		750		758		757;
685		"ContElem"		750		155		156		758;
686		"ContElem"		661		751		643		639;
687		"ContElem"		751		752		644		643;
688		"ContElem"		752		753		645		644;
689		"ContElem"		753		754		646		645;
690		"ContElem"		754		755		647		646;
691		"ContElem"		755		756		648		647;
692		"ContElem"		756		757		649		648;
693		"ContElem"		757		758		650		649;
694		"ContElem"		758		156		157		650;
</Elements>

<NodeConstraints>
 u[1] = 0;
 v[1] = 0.05;
 u[2] = 0;
 v[2] = 0.05;
 u[7] = 0;
 v[7] = 0.05;
 u[38] = 0;
 v[38] = 0.05;
 u[39] = 0;
 v[39] = 0.05;
 u[40] = 0;
 v[40] = 0.05;
 u[41] = 0;
 v[41] = 0.05;
 u[42] = 0;
 v[42] = 0.05;
 u[43] = 0;
 v[43] = 0.05;
 u[44] = 0;
 v[44] = 0.05;
 u[45] = 0;
 v[45] = 0.05;
 u[46] = 0;
 v[46] = 0.05;
 u[47] = 0;
 v[47] = 0.05;
 u[48] = 0;
 v[48] = 0.05;
 u[69] = 0;
 v[69] = 0.05;
 u[70] = 0;
 v[70] = 0.05;
 u[71] = 0;
 v[71] = 0.05;
 u[72] = 0;
 v[72] = 0.05;
 u[73] = 0;
 v[73] = 0.05;
 u[74] = 0;
 v[74] = 0.05;
 u[75] = 0;
 v[75] = 0.05;
 u[8] = 0;
 v[8] = -0.05;
 u[10] = 0;
 v[10] = -0.05;
 u[11] = 0;
 v[11] = -0.05;
 u[106] = 0;
 v[106] = -0.05;
 u[107] = 0;
 v[107] = -0.05;
 u[108] = 0;
 v[108] = -0.05;
 u[109] = 0;
 v[109] = -0.05;
 u[110] = 0;
 v[110] = -0.05;
 u[111] = 0;
 v[111] = -0.05;
 u[112] = 0;
 v[112] = -0.05;
 u[113] = 0;
 v[113] = -0.05;
 u[114] = 0;
 v[114] = -0.05;
 u[115] = 0;
 v[115] = -0.05;
 u[116] = 0;
 v[116] = -0.05;
 u[161] = 0;
 v[161] = -0.05;
 u[162] = 0;
 v[162] = -0.05;
 u[163] = 0;
 v[163] = -0.05;
 u[164] = 0;
 v[164] = -0.05;
 u[165] = 0;
 v[165] = -0.05;
 u[166] = 0;
 v[166] = -0.05;
 u[167] = 0;
 v[167] = -0.05;
</NodeConstraints>

<ExternalForces>
</ExternalForces>