<Nodes>
0		0.0		5.0;
1		0.0		4.61538458;
2		0.0		4.23076916;
3		0.0		3.84615374;
4		0.0		3.46153855;
5		0.0		3.07692313;
6		0.0		2.69230771;
7		0.0		2.30769229;
8		0.0		1.92307687;
9		0.0		1.53846157;
10		0.0		1.15384614;
11		0.0		0.769230783;
12		0.0		0.384615391;
13		0.0		0.0;
14		0.400000006		5.0;
15		0.400000006		4.61538458;
16		0.400000006		4.23076916;
17		0.400000006		3.84615374;
18		0.400000006		3.46153855;
19		0.400000006		3.07692313;
20		0.400000006		2.69230771;
21		0.400000006		2.30769229;
22		0.400000006		1.92307687;
23		0.400000006		1.53846157;
24		0.400000006		1.15384614;
25		0.400000006		0.769230783;
26		0.400000006		0.384615391;
27		0.400000006		0.0;
28		0.800000012		5.0;
29		0.800000012		4.61538458;
30		0.800000012		4.23076916;
31		0.800000012		3.84615374;
32		0.800000012		3.46153855;
33		0.800000012		3.07692313;
34		0.800000012		2.69230771;
35		0.800000012		2.30769229;
36		0.800000012		1.92307687;
37		0.800000012		1.53846157;
38		0.800000012		1.15384614;
39		0.800000012		0.769230783;
40		0.800000012		0.384615391;
41		0.800000012		0.0;
42		1.20000005		5.0;
43		1.20000005		4.61538458;
44		1.20000005		4.23076916;
45		1.20000005		3.84615374;
46		1.20000005		3.46153855;
47		1.20000005		3.07692313;
48		1.20000005		2.69230771;
49		1.20000005		2.30769229;
50		1.20000005		1.92307687;
51		1.20000005		1.53846157;
52		1.20000005		1.15384614;
53		1.20000005		0.769230783;
54		1.20000005		0.384615391;
55		1.20000005		0.0;
56		1.60000002		5.0;
57		1.60000002		4.61538458;
58		1.60000002		4.23076916;
59		1.60000002		3.84615374;
60		1.60000002		3.46153855;
61		1.60000002		3.07692313;
62		1.60000002		2.69230771;
63		1.60000002		2.30769229;
64		1.60000002		1.92307687;
65		1.60000002		1.53846157;
66		1.60000002		1.15384614;
67		1.60000002		0.769230783;
68		1.60000002		0.384615391;
69		1.60000002		0.0;
70		2.0		5.0;
71		2.0		4.61538458;
72		2.0		4.23076916;
73		2.0		3.84615374;
74		2.0		3.46153855;
75		2.0		3.07692313;
76		2.0		2.69230771;
77		2.0		2.30769229;
78		2.0		1.92307687;
79		2.0		1.53846157;
80		2.0		1.15384614;
81		2.0		0.769230783;
82		2.0		0.384615391;
83		2.0		0.0;
84		2.4000001		5.0;
85		2.4000001		4.61538458;
86		2.4000001		4.23076916;
87		2.4000001		3.84615374;
88		2.4000001		3.46153855;
89		2.4000001		3.07692313;
90		2.4000001		2.69230771;
91		2.4000001		2.30769229;
92		2.4000001		1.92307687;
93		2.4000001		1.53846157;
94		2.4000001		1.15384614;
95		2.4000001		0.769230783;
96		2.4000001		0.384615391;
97		2.4000001		0.0;
98		2.79999995		5.0;
99		2.79999995		4.61538458;
100		2.79999995		4.23076916;
101		2.79999995		3.84615374;
102		2.79999995		3.46153855;
103		2.79999995		3.07692313;
104		2.79999995		2.69230771;
105		2.79999995		2.30769229;
106		2.79999995		1.92307687;
107		2.79999995		1.53846157;
108		2.79999995		1.15384614;
109		2.79999995		0.769230783;
110		2.79999995		0.384615391;
111		2.79999995		0.0;
112		3.20000005		5.0;
113		3.20000005		4.61538458;
114		3.20000005		4.23076916;
115		3.20000005		3.84615374;
116		3.20000005		3.46153855;
117		3.20000005		3.07692313;
118		3.20000005		2.69230771;
119		3.20000005		2.30769229;
120		3.20000005		1.92307687;
121		3.20000005		1.53846157;
122		3.20000005		1.15384614;
123		3.20000005		0.769230783;
124		3.20000005		0.384615391;
125		3.20000005		0.0;
126		3.5999999		5.0;
127		3.5999999		4.61538458;
128		3.5999999		4.23076916;
129		3.5999999		3.84615374;
130		3.5999999		3.46153855;
131		3.5999999		3.07692313;
132		3.5999999		2.69230771;
133		3.5999999		2.30769229;
134		3.5999999		1.92307687;
135		3.5999999		1.53846157;
136		3.5999999		1.15384614;
137		3.5999999		0.769230783;
138		3.5999999		0.384615391;
139		3.5999999		0.0;
140		4.0		5.0;
141		4.0		4.61538458;
142		4.0		4.23076916;
143		4.0		3.84615374;
144		4.0		3.46153855;
145		4.0		3.07692313;
146		4.0		2.69230771;
147		4.0		2.30769229;
148		4.0		1.92307687;
149		4.0		1.53846157;
150		4.0		1.15384614;
151		4.0		0.769230783;
152		4.0		0.384615391;
153		4.0		0.0;
154		4.4000001		5.0;
155		4.4000001		4.61538458;
156		4.4000001		4.23076916;
157		4.4000001		3.84615374;
158		4.4000001		3.46153855;
159		4.4000001		3.07692313;
160		4.4000001		2.69230771;
161		4.4000001		2.30769229;
162		4.4000001		1.92307687;
163		4.4000001		1.53846157;
164		4.4000001		1.15384614;
165		4.4000001		0.769230783;
166		4.4000001		0.384615391;
167		4.4000001		0.0;
168		4.80000019		5.0;
169		4.80000019		4.61538458;
170		4.80000019		4.23076916;
171		4.80000019		3.84615374;
172		4.80000019		3.46153855;
173		4.80000019		3.07692313;
174		4.80000019		2.69230771;
175		4.80000019		2.30769229;
176		4.80000019		1.92307687;
177		4.80000019		1.53846157;
178		4.80000019		1.15384614;
179		4.80000019		0.769230783;
180		4.80000019		0.384615391;
181		4.80000019		0.0;
182		5.19999981		5.0;
183		5.19999981		4.61538458;
184		5.19999981		4.23076916;
185		5.19999981		3.84615374;
186		5.19999981		3.46153855;
187		5.19999981		3.07692313;
188		5.19999981		2.69230771;
189		5.19999981		2.30769229;
190		5.19999981		1.92307687;
191		5.19999981		1.53846157;
192		5.19999981		1.15384614;
193		5.19999981		0.769230783;
194		5.19999981		0.384615391;
195		5.19999981		0.0;
196		5.5999999		5.0;
197		5.5999999		4.61538458;
198		5.5999999		4.23076916;
199		5.5999999		3.84615374;
200		5.5999999		3.46153855;
201		5.5999999		3.07692313;
202		5.5999999		2.69230771;
203		5.5999999		2.30769229;
204		5.5999999		1.92307687;
205		5.5999999		1.53846157;
206		5.5999999		1.15384614;
207		5.5999999		0.769230783;
208		5.5999999		0.384615391;
209		5.5999999		0.0;
210		6.0		5.0;
211		6.0		4.61538458;
212		6.0		4.23076916;
213		6.0		3.84615374;
214		6.0		3.46153855;
215		6.0		3.07692313;
216		6.0		2.69230771;
217		6.0		2.30769229;
218		6.0		1.92307687;
219		6.0		1.53846157;
220		6.0		1.15384614;
221		6.0		0.769230783;
222		6.0		0.384615391;
223		6.0		0.0;
224		6.4000001		5.0;
225		6.4000001		4.61538458;
226		6.4000001		4.23076916;
227		6.4000001		3.84615374;
228		6.4000001		3.46153855;
229		6.4000001		3.07692313;
230		6.4000001		2.69230771;
231		6.4000001		2.30769229;
232		6.4000001		1.92307687;
233		6.4000001		1.53846157;
234		6.4000001		1.15384614;
235		6.4000001		0.769230783;
236		6.4000001		0.384615391;
237		6.4000001		0.0;
238		6.80000019		5.0;
239		6.80000019		4.61538458;
240		6.80000019		4.23076916;
241		6.80000019		3.84615374;
242		6.80000019		3.46153855;
243		6.80000019		3.07692313;
244		6.80000019		2.69230771;
245		6.80000019		2.30769229;
246		6.80000019		1.92307687;
247		6.80000019		1.53846157;
248		6.80000019		1.15384614;
249		6.80000019		0.769230783;
250		6.80000019		0.384615391;
251		6.80000019		0.0;
252		7.19999981		5.0;
253		7.19999981		4.61538458;
254		7.19999981		4.23076916;
255		7.19999981		3.84615374;
256		7.19999981		3.46153855;
257		7.19999981		3.07692313;
258		7.19999981		2.69230771;
259		7.19999981		2.30769229;
260		7.19999981		1.92307687;
261		7.19999981		1.53846157;
262		7.19999981		1.15384614;
263		7.19999981		0.769230783;
264		7.19999981		0.384615391;
265		7.19999981		0.0;
266		7.5999999		5.0;
267		7.5999999		4.61538458;
268		7.5999999		4.23076916;
269		7.5999999		3.84615374;
270		7.5999999		3.46153855;
271		7.5999999		3.07692313;
272		7.5999999		2.69230771;
273		7.5999999		2.30769229;
274		7.5999999		1.92307687;
275		7.5999999		1.53846157;
276		7.5999999		1.15384614;
277		7.5999999		0.769230783;
278		7.5999999		0.384615391;
279		7.5999999		0.0;
280		8.0		5.0;
281		8.0		4.61538458;
282		8.0		4.23076916;
283		8.0		3.84615374;
284		8.0		3.46153855;
285		8.0		3.07692313;
286		8.0		2.69230771;
287		8.0		2.30769229;
288		8.0		1.92307687;
289		8.0		1.53846157;
290		8.0		1.15384614;
291		8.0		0.769230783;
292		8.0		0.384615391;
293		8.0		0.0;
294		8.39999962		5.0;
295		8.39999962		4.61538458;
296		8.39999962		4.23076916;
297		8.39999962		3.84615374;
298		8.39999962		3.46153855;
299		8.39999962		3.07692313;
300		8.39999962		2.69230771;
301		8.39999962		2.30769229;
302		8.39999962		1.92307687;
303		8.39999962		1.53846157;
304		8.39999962		1.15384614;
305		8.39999962		0.769230783;
306		8.39999962		0.384615391;
307		8.39999962		0.0;
308		8.80000019		5.0;
309		8.80000019		4.61538458;
310		8.80000019		4.23076916;
311		8.80000019		3.84615374;
312		8.80000019		3.46153855;
313		8.80000019		3.07692313;
314		8.80000019		2.69230771;
315		8.80000019		2.30769229;
316		8.80000019		1.92307687;
317		8.80000019		1.53846157;
318		8.80000019		1.15384614;
319		8.80000019		0.769230783;
320		8.80000019		0.384615391;
321		8.80000019		0.0;
322		9.19999981		5.0;
323		9.19999981		4.61538458;
324		9.19999981		4.23076916;
325		9.19999981		3.84615374;
326		9.19999981		3.46153855;
327		9.19999981		3.07692313;
328		9.19999981		2.69230771;
329		9.19999981		2.30769229;
330		9.19999981		1.92307687;
331		9.19999981		1.53846157;
332		9.19999981		1.15384614;
333		9.19999981		0.769230783;
334		9.19999981		0.384615391;
335		9.19999981		0.0;
336		9.60000038		5.0;
337		9.60000038		4.61538458;
338		9.60000038		4.23076916;
339		9.60000038		3.84615374;
340		9.60000038		3.46153855;
341		9.60000038		3.07692313;
342		9.60000038		2.69230771;
343		9.60000038		2.30769229;
344		9.60000038		1.92307687;
345		9.60000038		1.53846157;
346		9.60000038		1.15384614;
347		9.60000038		0.769230783;
348		9.60000038		0.384615391;
349		9.60000038		0.0;
350		10.0		5.0;
351		10.0		4.61538458;
352		10.0		4.23076916;
353		10.0		3.84615374;
354		10.0		3.46153855;
355		10.0		3.07692313;
356		10.0		2.69230771;
357		10.0		2.30769229;
358		10.0		1.92307687;
359		10.0		1.53846157;
360		10.0		1.15384614;
361		10.0		0.769230783;
362		10.0		0.384615391;
363		10.0		0.0;
364		10.3999996		5.0;
365		10.3999996		4.61538458;
366		10.3999996		4.23076916;
367		10.3999996		3.84615374;
368		10.3999996		3.46153855;
369		10.3999996		3.07692313;
370		10.3999996		2.69230771;
371		10.3999996		2.30769229;
372		10.3999996		1.92307687;
373		10.3999996		1.53846157;
374		10.3999996		1.15384614;
375		10.3999996		0.769230783;
376		10.3999996		0.384615391;
377		10.3999996		0.0;
378		10.8000002		5.0;
379		10.8000002		4.61538458;
380		10.8000002		4.23076916;
381		10.8000002		3.84615374;
382		10.8000002		3.46153855;
383		10.8000002		3.07692313;
384		10.8000002		2.69230771;
385		10.8000002		2.30769229;
386		10.8000002		1.92307687;
387		10.8000002		1.53846157;
388		10.8000002		1.15384614;
389		10.8000002		0.769230783;
390		10.8000002		0.384615391;
391		10.8000002		0.0;
392		11.1999998		5.0;
393		11.1999998		4.61538458;
394		11.1999998		4.23076916;
395		11.1999998		3.84615374;
396		11.1999998		3.46153855;
397		11.1999998		3.07692313;
398		11.1999998		2.69230771;
399		11.1999998		2.30769229;
400		11.1999998		1.92307687;
401		11.1999998		1.53846157;
402		11.1999998		1.15384614;
403		11.1999998		0.769230783;
404		11.1999998		0.384615391;
405		11.1999998		0.0;
406		11.6000004		5.0;
407		11.6000004		4.61538458;
408		11.6000004		4.23076916;
409		11.6000004		3.84615374;
410		11.6000004		3.46153855;
411		11.6000004		3.07692313;
412		11.6000004		2.69230771;
413		11.6000004		2.30769229;
414		11.6000004		1.92307687;
415		11.6000004		1.53846157;
416		11.6000004		1.15384614;
417		11.6000004		0.769230783;
418		11.6000004		0.384615391;
419		11.6000004		0.0;
420		12.0		5.0;
421		12.0		4.61538458;
422		12.0		4.23076916;
423		12.0		3.84615374;
424		12.0		3.46153855;
425		12.0		3.07692313;
426		12.0		2.69230771;
427		12.0		2.30769229;
428		12.0		1.92307687;
429		12.0		1.53846157;
430		12.0		1.15384614;
431		12.0		0.769230783;
432		12.0		0.384615391;
433		12.0		0.0;
434		12.3999996		5.0;
435		12.3999996		4.61538458;
436		12.3999996		4.23076916;
437		12.3999996		3.84615374;
438		12.3999996		3.46153855;
439		12.3999996		3.07692313;
440		12.3999996		2.69230771;
441		12.3999996		2.30769229;
442		12.3999996		1.92307687;
443		12.3999996		1.53846157;
444		12.3999996		1.15384614;
445		12.3999996		0.769230783;
446		12.3999996		0.384615391;
447		12.3999996		0.0;
448		12.8000002		5.0;
449		12.8000002		4.61538458;
450		12.8000002		4.23076916;
451		12.8000002		3.84615374;
452		12.8000002		3.46153855;
453		12.8000002		3.07692313;
454		12.8000002		2.69230771;
455		12.8000002		2.30769229;
456		12.8000002		1.92307687;
457		12.8000002		1.53846157;
458		12.8000002		1.15384614;
459		12.8000002		0.769230783;
460		12.8000002		0.384615391;
461		12.8000002		0.0;
462		13.1999998		5.0;
463		13.1999998		4.61538458;
464		13.1999998		4.23076916;
465		13.1999998		3.84615374;
466		13.1999998		3.46153855;
467		13.1999998		3.07692313;
468		13.1999998		2.69230771;
469		13.1999998		2.30769229;
470		13.1999998		1.92307687;
471		13.1999998		1.53846157;
472		13.1999998		1.15384614;
473		13.1999998		0.769230783;
474		13.1999998		0.384615391;
475		13.1999998		0.0;
476		13.6000004		5.0;
477		13.6000004		4.61538458;
478		13.6000004		4.23076916;
479		13.6000004		3.84615374;
480		13.6000004		3.46153855;
481		13.6000004		3.07692313;
482		13.6000004		2.69230771;
483		13.6000004		2.30769229;
484		13.6000004		1.92307687;
485		13.6000004		1.53846157;
486		13.6000004		1.15384614;
487		13.6000004		0.769230783;
488		13.6000004		0.384615391;
489		13.6000004		0.0;
490		14.0		5.0;
491		14.0		4.61538458;
492		14.0		4.23076916;
493		14.0		3.84615374;
494		14.0		3.46153855;
495		14.0		3.07692313;
496		14.0		2.69230771;
497		14.0		2.30769229;
498		14.0		1.92307687;
499		14.0		1.53846157;
500		14.0		1.15384614;
501		14.0		0.769230783;
502		14.0		0.384615391;
503		14.0		0.0;
504		14.3999996		5.0;
505		14.3999996		4.61538458;
506		14.3999996		4.23076916;
507		14.3999996		3.84615374;
508		14.3999996		3.46153855;
509		14.3999996		3.07692313;
510		14.3999996		2.69230771;
511		14.3999996		2.30769229;
512		14.3999996		1.92307687;
513		14.3999996		1.53846157;
514		14.3999996		1.15384614;
515		14.3999996		0.769230783;
516		14.3999996		0.384615391;
517		14.3999996		0.0;
518		14.8000002		5.0;
519		14.8000002		4.61538458;
520		14.8000002		4.23076916;
521		14.8000002		3.84615374;
522		14.8000002		3.46153855;
523		14.8000002		3.07692313;
524		14.8000002		2.69230771;
525		14.8000002		2.30769229;
526		14.8000002		1.92307687;
527		14.8000002		1.53846157;
528		14.8000002		1.15384614;
529		14.8000002		0.769230783;
530		14.8000002		0.384615391;
531		14.8000002		0.0;
532		15.1999998		5.0;
533		15.1999998		4.61538458;
534		15.1999998		4.23076916;
535		15.1999998		3.84615374;
536		15.1999998		3.46153855;
537		15.1999998		3.07692313;
538		15.1999998		2.69230771;
539		15.1999998		2.30769229;
540		15.1999998		1.92307687;
541		15.1999998		1.53846157;
542		15.1999998		1.15384614;
543		15.1999998		0.769230783;
544		15.1999998		0.384615391;
545		15.1999998		0.0;
546		15.6000004		5.0;
547		15.6000004		4.61538458;
548		15.6000004		4.23076916;
549		15.6000004		3.84615374;
550		15.6000004		3.46153855;
551		15.6000004		3.07692313;
552		15.6000004		2.69230771;
553		15.6000004		2.30769229;
554		15.6000004		1.92307687;
555		15.6000004		1.53846157;
556		15.6000004		1.15384614;
557		15.6000004		0.769230783;
558		15.6000004		0.384615391;
559		15.6000004		0.0;
560		16.0		5.0;
561		16.0		4.61538458;
562		16.0		4.23076916;
563		16.0		3.84615374;
564		16.0		3.46153855;
565		16.0		3.07692313;
566		16.0		2.69230771;
567		16.0		2.30769229;
568		16.0		1.92307687;
569		16.0		1.53846157;
570		16.0		1.15384614;
571		16.0		0.769230783;
572		16.0		0.384615391;
573		16.0		0.0;
574		16.3999996		5.0;
575		16.3999996		4.61538458;
576		16.3999996		4.23076916;
577		16.3999996		3.84615374;
578		16.3999996		3.46153855;
579		16.3999996		3.07692313;
580		16.3999996		2.69230771;
581		16.3999996		2.30769229;
582		16.3999996		1.92307687;
583		16.3999996		1.53846157;
584		16.3999996		1.15384614;
585		16.3999996		0.769230783;
586		16.3999996		0.384615391;
587		16.3999996		0.0;
588		16.7999992		5.0;
589		16.7999992		4.61538458;
590		16.7999992		4.23076916;
591		16.7999992		3.84615374;
592		16.7999992		3.46153855;
593		16.7999992		3.07692313;
594		16.7999992		2.69230771;
595		16.7999992		2.30769229;
596		16.7999992		1.92307687;
597		16.7999992		1.53846157;
598		16.7999992		1.15384614;
599		16.7999992		0.769230783;
600		16.7999992		0.384615391;
601		16.7999992		0.0;
602		17.2000008		5.0;
603		17.2000008		4.61538458;
604		17.2000008		4.23076916;
605		17.2000008		3.84615374;
606		17.2000008		3.46153855;
607		17.2000008		3.07692313;
608		17.2000008		2.69230771;
609		17.2000008		2.30769229;
610		17.2000008		1.92307687;
611		17.2000008		1.53846157;
612		17.2000008		1.15384614;
613		17.2000008		0.769230783;
614		17.2000008		0.384615391;
615		17.2000008		0.0;
616		17.6000004		5.0;
617		17.6000004		4.61538458;
618		17.6000004		4.23076916;
619		17.6000004		3.84615374;
620		17.6000004		3.46153855;
621		17.6000004		3.07692313;
622		17.6000004		2.69230771;
623		17.6000004		2.30769229;
624		17.6000004		1.92307687;
625		17.6000004		1.53846157;
626		17.6000004		1.15384614;
627		17.6000004		0.769230783;
628		17.6000004		0.384615391;
629		17.6000004		0.0;
630		18.0		5.0;
631		18.0		4.61538458;
632		18.0		4.23076916;
633		18.0		3.84615374;
634		18.0		3.46153855;
635		18.0		3.07692313;
636		18.0		2.69230771;
637		18.0		2.30769229;
638		18.0		1.92307687;
639		18.0		1.53846157;
640		18.0		1.15384614;
641		18.0		0.769230783;
642		18.0		0.384615391;
643		18.0		0.0;
644		18.3999996		5.0;
645		18.3999996		4.61538458;
646		18.3999996		4.23076916;
647		18.3999996		3.84615374;
648		18.3999996		3.46153855;
649		18.3999996		3.07692313;
650		18.3999996		2.69230771;
651		18.3999996		2.30769229;
652		18.3999996		1.92307687;
653		18.3999996		1.53846157;
654		18.3999996		1.15384614;
655		18.3999996		0.769230783;
656		18.3999996		0.384615391;
657		18.3999996		0.0;
658		18.7999992		5.0;
659		18.7999992		4.61538458;
660		18.7999992		4.23076916;
661		18.7999992		3.84615374;
662		18.7999992		3.46153855;
663		18.7999992		3.07692313;
664		18.7999992		2.69230771;
665		18.7999992		2.30769229;
666		18.7999992		1.92307687;
667		18.7999992		1.53846157;
668		18.7999992		1.15384614;
669		18.7999992		0.769230783;
670		18.7999992		0.384615391;
671		18.7999992		0.0;
672		19.2000008		5.0;
673		19.2000008		4.61538458;
674		19.2000008		4.23076916;
675		19.2000008		3.84615374;
676		19.2000008		3.46153855;
677		19.2000008		3.07692313;
678		19.2000008		2.69230771;
679		19.2000008		2.30769229;
680		19.2000008		1.92307687;
681		19.2000008		1.53846157;
682		19.2000008		1.15384614;
683		19.2000008		0.769230783;
684		19.2000008		0.384615391;
685		19.2000008		0.0;
686		19.6000004		5.0;
687		19.6000004		4.61538458;
688		19.6000004		4.23076916;
689		19.6000004		3.84615374;
690		19.6000004		3.46153855;
691		19.6000004		3.07692313;
692		19.6000004		2.69230771;
693		19.6000004		2.30769229;
694		19.6000004		1.92307687;
695		19.6000004		1.53846157;
696		19.6000004		1.15384614;
697		19.6000004		0.769230783;
698		19.6000004		0.384615391;
699		19.6000004		0.0;
700		20.0		5.0;
701		20.0		4.61538458;
702		20.0		4.23076916;
703		20.0		3.84615374;
704		20.0		3.46153855;
705		20.0		3.07692313;
706		20.0		2.69230771;
707		20.0		2.30769229;
708		20.0		1.92307687;
709		20.0		1.53846157;
710		20.0		1.15384614;
711		20.0		0.769230783;
712		20.0		0.384615391;
713		20.0		0.0;
</Nodes>

<Elements>
1		"ContElem"		0		1		15;
2		"ContElem"		15		14		0;
3		"ContElem"		1		2		16;
4		"ContElem"		16		15		1;
5		"ContElem"		2		3		17;
6		"ContElem"		17		16		2;
7		"ContElem"		3		4		18;
8		"ContElem"		18		17		3;
9		"ContElem"		4		5		19;
10		"ContElem"		19		18		4;
11		"ContElem"		5		6		20;
12		"ContElem"		20		19		5;
13		"ContElem"		6		7		21;
14		"ContElem"		21		20		6;
15		"ContElem"		7		8		22;
16		"ContElem"		22		21		7;
17		"ContElem"		8		9		23;
18		"ContElem"		23		22		8;
19		"ContElem"		9		10		24;
20		"ContElem"		24		23		9;
21		"ContElem"		10		11		25;
22		"ContElem"		25		24		10;
23		"ContElem"		11		12		26;
24		"ContElem"		26		25		11;
25		"ContElem"		12		13		27;
26		"ContElem"		27		26		12;
27		"ContElem"		14		15		29;
28		"ContElem"		29		28		14;
29		"ContElem"		15		16		30;
30		"ContElem"		30		29		15;
31		"ContElem"		16		17		31;
32		"ContElem"		31		30		16;
33		"ContElem"		17		18		32;
34		"ContElem"		32		31		17;
35		"ContElem"		18		19		33;
36		"ContElem"		33		32		18;
37		"ContElem"		19		20		34;
38		"ContElem"		34		33		19;
39		"ContElem"		20		21		35;
40		"ContElem"		35		34		20;
41		"ContElem"		21		22		36;
42		"ContElem"		36		35		21;
43		"ContElem"		22		23		37;
44		"ContElem"		37		36		22;
45		"ContElem"		23		24		38;
46		"ContElem"		38		37		23;
47		"ContElem"		24		25		39;
48		"ContElem"		39		38		24;
49		"ContElem"		25		26		40;
50		"ContElem"		40		39		25;
51		"ContElem"		26		27		41;
52		"ContElem"		41		40		26;
53		"ContElem"		28		29		43;
54		"ContElem"		43		42		28;
55		"ContElem"		29		30		44;
56		"ContElem"		44		43		29;
57		"ContElem"		30		31		45;
58		"ContElem"		45		44		30;
59		"ContElem"		31		32		46;
60		"ContElem"		46		45		31;
61		"ContElem"		32		33		47;
62		"ContElem"		47		46		32;
63		"ContElem"		33		34		48;
64		"ContElem"		48		47		33;
65		"ContElem"		34		35		49;
66		"ContElem"		49		48		34;
67		"ContElem"		35		36		50;
68		"ContElem"		50		49		35;
69		"ContElem"		36		37		51;
70		"ContElem"		51		50		36;
71		"ContElem"		37		38		52;
72		"ContElem"		52		51		37;
73		"ContElem"		38		39		53;
74		"ContElem"		53		52		38;
75		"ContElem"		39		40		54;
76		"ContElem"		54		53		39;
77		"ContElem"		40		41		55;
78		"ContElem"		55		54		40;
79		"ContElem"		42		43		57;
80		"ContElem"		57		56		42;
81		"ContElem"		43		44		58;
82		"ContElem"		58		57		43;
83		"ContElem"		44		45		59;
84		"ContElem"		59		58		44;
85		"ContElem"		45		46		60;
86		"ContElem"		60		59		45;
87		"ContElem"		46		47		61;
88		"ContElem"		61		60		46;
89		"ContElem"		47		48		62;
90		"ContElem"		62		61		47;
91		"ContElem"		48		49		63;
92		"ContElem"		63		62		48;
93		"ContElem"		49		50		64;
94		"ContElem"		64		63		49;
95		"ContElem"		50		51		65;
96		"ContElem"		65		64		50;
97		"ContElem"		51		52		66;
98		"ContElem"		66		65		51;
99		"ContElem"		52		53		67;
100		"ContElem"		67		66		52;
101		"ContElem"		53		54		68;
102		"ContElem"		68		67		53;
103		"ContElem"		54		55		69;
104		"ContElem"		69		68		54;
105		"ContElem"		56		57		71;
106		"ContElem"		71		70		56;
107		"ContElem"		57		58		72;
108		"ContElem"		72		71		57;
109		"ContElem"		58		59		73;
110		"ContElem"		73		72		58;
111		"ContElem"		59		60		74;
112		"ContElem"		74		73		59;
113		"ContElem"		60		61		75;
114		"ContElem"		75		74		60;
115		"ContElem"		61		62		76;
116		"ContElem"		76		75		61;
117		"ContElem"		62		63		77;
118		"ContElem"		77		76		62;
119		"ContElem"		63		64		78;
120		"ContElem"		78		77		63;
121		"ContElem"		64		65		79;
122		"ContElem"		79		78		64;
123		"ContElem"		65		66		80;
124		"ContElem"		80		79		65;
125		"ContElem"		66		67		81;
126		"ContElem"		81		80		66;
127		"ContElem"		67		68		82;
128		"ContElem"		82		81		67;
129		"ContElem"		68		69		83;
130		"ContElem"		83		82		68;
131		"ContElem"		70		71		85;
132		"ContElem"		85		84		70;
133		"ContElem"		71		72		86;
134		"ContElem"		86		85		71;
135		"ContElem"		72		73		87;
136		"ContElem"		87		86		72;
137		"ContElem"		73		74		88;
138		"ContElem"		88		87		73;
139		"ContElem"		74		75		89;
140		"ContElem"		89		88		74;
141		"ContElem"		75		76		90;
142		"ContElem"		90		89		75;
143		"ContElem"		76		77		91;
144		"ContElem"		91		90		76;
145		"ContElem"		77		78		92;
146		"ContElem"		92		91		77;
147		"ContElem"		78		79		93;
148		"ContElem"		93		92		78;
149		"ContElem"		79		80		94;
150		"ContElem"		94		93		79;
151		"ContElem"		80		81		95;
152		"ContElem"		95		94		80;
153		"ContElem"		81		82		96;
154		"ContElem"		96		95		81;
155		"ContElem"		82		83		97;
156		"ContElem"		97		96		82;
157		"ContElem"		84		85		99;
158		"ContElem"		99		98		84;
159		"ContElem"		85		86		100;
160		"ContElem"		100		99		85;
161		"ContElem"		86		87		101;
162		"ContElem"		101		100		86;
163		"ContElem"		87		88		102;
164		"ContElem"		102		101		87;
165		"ContElem"		88		89		103;
166		"ContElem"		103		102		88;
167		"ContElem"		89		90		104;
168		"ContElem"		104		103		89;
169		"ContElem"		90		91		105;
170		"ContElem"		105		104		90;
171		"ContElem"		91		92		106;
172		"ContElem"		106		105		91;
173		"ContElem"		92		93		107;
174		"ContElem"		107		106		92;
175		"ContElem"		93		94		108;
176		"ContElem"		108		107		93;
177		"ContElem"		94		95		109;
178		"ContElem"		109		108		94;
179		"ContElem"		95		96		110;
180		"ContElem"		110		109		95;
181		"ContElem"		96		97		111;
182		"ContElem"		111		110		96;
183		"ContElem"		98		99		113;
184		"ContElem"		113		112		98;
185		"ContElem"		99		100		114;
186		"ContElem"		114		113		99;
187		"ContElem"		100		101		115;
188		"ContElem"		115		114		100;
189		"ContElem"		101		102		116;
190		"ContElem"		116		115		101;
191		"ContElem"		102		103		117;
192		"ContElem"		117		116		102;
193		"ContElem"		103		104		118;
194		"ContElem"		118		117		103;
195		"ContElem"		104		105		119;
196		"ContElem"		119		118		104;
197		"ContElem"		105		106		120;
198		"ContElem"		120		119		105;
199		"ContElem"		106		107		121;
200		"ContElem"		121		120		106;
201		"ContElem"		107		108		122;
202		"ContElem"		122		121		107;
203		"ContElem"		108		109		123;
204		"ContElem"		123		122		108;
205		"ContElem"		109		110		124;
206		"ContElem"		124		123		109;
207		"ContElem"		110		111		125;
208		"ContElem"		125		124		110;
209		"ContElem"		112		113		127;
210		"ContElem"		127		126		112;
211		"ContElem"		113		114		128;
212		"ContElem"		128		127		113;
213		"ContElem"		114		115		129;
214		"ContElem"		129		128		114;
215		"ContElem"		115		116		130;
216		"ContElem"		130		129		115;
217		"ContElem"		116		117		131;
218		"ContElem"		131		130		116;
219		"ContElem"		117		118		132;
220		"ContElem"		132		131		117;
221		"ContElem"		118		119		133;
222		"ContElem"		133		132		118;
223		"ContElem"		119		120		134;
224		"ContElem"		134		133		119;
225		"ContElem"		120		121		135;
226		"ContElem"		135		134		120;
227		"ContElem"		121		122		136;
228		"ContElem"		136		135		121;
229		"ContElem"		122		123		137;
230		"ContElem"		137		136		122;
231		"ContElem"		123		124		138;
232		"ContElem"		138		137		123;
233		"ContElem"		124		125		139;
234		"ContElem"		139		138		124;
235		"ContElem"		126		127		141;
236		"ContElem"		141		140		126;
237		"ContElem"		127		128		142;
238		"ContElem"		142		141		127;
239		"ContElem"		128		129		143;
240		"ContElem"		143		142		128;
241		"ContElem"		129		130		144;
242		"ContElem"		144		143		129;
243		"ContElem"		130		131		145;
244		"ContElem"		145		144		130;
245		"ContElem"		131		132		146;
246		"ContElem"		146		145		131;
247		"ContElem"		132		133		147;
248		"ContElem"		147		146		132;
249		"ContElem"		133		134		148;
250		"ContElem"		148		147		133;
251		"ContElem"		134		135		149;
252		"ContElem"		149		148		134;
253		"ContElem"		135		136		150;
254		"ContElem"		150		149		135;
255		"ContElem"		136		137		151;
256		"ContElem"		151		150		136;
257		"ContElem"		137		138		152;
258		"ContElem"		152		151		137;
259		"ContElem"		138		139		153;
260		"ContElem"		153		152		138;
261		"ContElem"		140		141		155;
262		"ContElem"		155		154		140;
263		"ContElem"		141		142		156;
264		"ContElem"		156		155		141;
265		"ContElem"		142		143		157;
266		"ContElem"		157		156		142;
267		"ContElem"		143		144		158;
268		"ContElem"		158		157		143;
269		"ContElem"		144		145		159;
270		"ContElem"		159		158		144;
271		"ContElem"		145		146		160;
272		"ContElem"		160		159		145;
273		"ContElem"		146		147		161;
274		"ContElem"		161		160		146;
275		"ContElem"		147		148		162;
276		"ContElem"		162		161		147;
277		"ContElem"		148		149		163;
278		"ContElem"		163		162		148;
279		"ContElem"		149		150		164;
280		"ContElem"		164		163		149;
281		"ContElem"		150		151		165;
282		"ContElem"		165		164		150;
283		"ContElem"		151		152		166;
284		"ContElem"		166		165		151;
285		"ContElem"		152		153		167;
286		"ContElem"		167		166		152;
287		"ContElem"		154		155		169;
288		"ContElem"		169		168		154;
289		"ContElem"		155		156		170;
290		"ContElem"		170		169		155;
291		"ContElem"		156		157		171;
292		"ContElem"		171		170		156;
293		"ContElem"		157		158		172;
294		"ContElem"		172		171		157;
295		"ContElem"		158		159		173;
296		"ContElem"		173		172		158;
297		"ContElem"		159		160		174;
298		"ContElem"		174		173		159;
299		"ContElem"		160		161		175;
300		"ContElem"		175		174		160;
301		"ContElem"		161		162		176;
302		"ContElem"		176		175		161;
303		"ContElem"		162		163		177;
304		"ContElem"		177		176		162;
305		"ContElem"		163		164		178;
306		"ContElem"		178		177		163;
307		"ContElem"		164		165		179;
308		"ContElem"		179		178		164;
309		"ContElem"		165		166		180;
310		"ContElem"		180		179		165;
311		"ContElem"		166		167		181;
312		"ContElem"		181		180		166;
313		"ContElem"		168		169		183;
314		"ContElem"		183		182		168;
315		"ContElem"		169		170		184;
316		"ContElem"		184		183		169;
317		"ContElem"		170		171		185;
318		"ContElem"		185		184		170;
319		"ContElem"		171		172		186;
320		"ContElem"		186		185		171;
321		"ContElem"		172		173		187;
322		"ContElem"		187		186		172;
323		"ContElem"		173		174		188;
324		"ContElem"		188		187		173;
325		"ContElem"		174		175		189;
326		"ContElem"		189		188		174;
327		"ContElem"		175		176		190;
328		"ContElem"		190		189		175;
329		"ContElem"		176		177		191;
330		"ContElem"		191		190		176;
331		"ContElem"		177		178		192;
332		"ContElem"		192		191		177;
333		"ContElem"		178		179		193;
334		"ContElem"		193		192		178;
335		"ContElem"		179		180		194;
336		"ContElem"		194		193		179;
337		"ContElem"		180		181		195;
338		"ContElem"		195		194		180;
339		"ContElem"		182		183		197;
340		"ContElem"		197		196		182;
341		"ContElem"		183		184		198;
342		"ContElem"		198		197		183;
343		"ContElem"		184		185		199;
344		"ContElem"		199		198		184;
345		"ContElem"		185		186		200;
346		"ContElem"		200		199		185;
347		"ContElem"		186		187		201;
348		"ContElem"		201		200		186;
349		"ContElem"		187		188		202;
350		"ContElem"		202		201		187;
351		"ContElem"		188		189		203;
352		"ContElem"		203		202		188;
353		"ContElem"		189		190		204;
354		"ContElem"		204		203		189;
355		"ContElem"		190		191		205;
356		"ContElem"		205		204		190;
357		"ContElem"		191		192		206;
358		"ContElem"		206		205		191;
359		"ContElem"		192		193		207;
360		"ContElem"		207		206		192;
361		"ContElem"		193		194		208;
362		"ContElem"		208		207		193;
363		"ContElem"		194		195		209;
364		"ContElem"		209		208		194;
365		"ContElem"		196		197		211;
366		"ContElem"		211		210		196;
367		"ContElem"		197		198		212;
368		"ContElem"		212		211		197;
369		"ContElem"		198		199		213;
370		"ContElem"		213		212		198;
371		"ContElem"		199		200		214;
372		"ContElem"		214		213		199;
373		"ContElem"		200		201		215;
374		"ContElem"		215		214		200;
375		"ContElem"		201		202		216;
376		"ContElem"		216		215		201;
377		"ContElem"		202		203		217;
378		"ContElem"		217		216		202;
379		"ContElem"		203		204		218;
380		"ContElem"		218		217		203;
381		"ContElem"		204		205		219;
382		"ContElem"		219		218		204;
383		"ContElem"		205		206		220;
384		"ContElem"		220		219		205;
385		"ContElem"		206		207		221;
386		"ContElem"		221		220		206;
387		"ContElem"		207		208		222;
388		"ContElem"		222		221		207;
389		"ContElem"		208		209		223;
390		"ContElem"		223		222		208;
391		"ContElem"		210		211		225;
392		"ContElem"		225		224		210;
393		"ContElem"		211		212		226;
394		"ContElem"		226		225		211;
395		"ContElem"		212		213		227;
396		"ContElem"		227		226		212;
397		"ContElem"		213		214		228;
398		"ContElem"		228		227		213;
399		"ContElem"		214		215		229;
400		"ContElem"		229		228		214;
401		"ContElem"		215		216		230;
402		"ContElem"		230		229		215;
403		"ContElem"		216		217		231;
404		"ContElem"		231		230		216;
405		"ContElem"		217		218		232;
406		"ContElem"		232		231		217;
407		"ContElem"		218		219		233;
408		"ContElem"		233		232		218;
409		"ContElem"		219		220		234;
410		"ContElem"		234		233		219;
411		"ContElem"		220		221		235;
412		"ContElem"		235		234		220;
413		"ContElem"		221		222		236;
414		"ContElem"		236		235		221;
415		"ContElem"		222		223		237;
416		"ContElem"		237		236		222;
417		"ContElem"		224		225		239;
418		"ContElem"		239		238		224;
419		"ContElem"		225		226		240;
420		"ContElem"		240		239		225;
421		"ContElem"		226		227		241;
422		"ContElem"		241		240		226;
423		"ContElem"		227		228		242;
424		"ContElem"		242		241		227;
425		"ContElem"		228		229		243;
426		"ContElem"		243		242		228;
427		"ContElem"		229		230		244;
428		"ContElem"		244		243		229;
429		"ContElem"		230		231		245;
430		"ContElem"		245		244		230;
431		"ContElem"		231		232		246;
432		"ContElem"		246		245		231;
433		"ContElem"		232		233		247;
434		"ContElem"		247		246		232;
435		"ContElem"		233		234		248;
436		"ContElem"		248		247		233;
437		"ContElem"		234		235		249;
438		"ContElem"		249		248		234;
439		"ContElem"		235		236		250;
440		"ContElem"		250		249		235;
441		"ContElem"		236		237		251;
442		"ContElem"		251		250		236;
443		"ContElem"		238		239		253;
444		"ContElem"		253		252		238;
445		"ContElem"		239		240		254;
446		"ContElem"		254		253		239;
447		"ContElem"		240		241		255;
448		"ContElem"		255		254		240;
449		"ContElem"		241		242		256;
450		"ContElem"		256		255		241;
451		"ContElem"		242		243		257;
452		"ContElem"		257		256		242;
453		"ContElem"		243		244		258;
454		"ContElem"		258		257		243;
455		"ContElem"		244		245		259;
456		"ContElem"		259		258		244;
457		"ContElem"		245		246		260;
458		"ContElem"		260		259		245;
459		"ContElem"		246		247		261;
460		"ContElem"		261		260		246;
461		"ContElem"		247		248		262;
462		"ContElem"		262		261		247;
463		"ContElem"		248		249		263;
464		"ContElem"		263		262		248;
465		"ContElem"		249		250		264;
466		"ContElem"		264		263		249;
467		"ContElem"		250		251		265;
468		"ContElem"		265		264		250;
469		"ContElem"		252		253		267;
470		"ContElem"		267		266		252;
471		"ContElem"		253		254		268;
472		"ContElem"		268		267		253;
473		"ContElem"		254		255		269;
474		"ContElem"		269		268		254;
475		"ContElem"		255		256		270;
476		"ContElem"		270		269		255;
477		"ContElem"		256		257		271;
478		"ContElem"		271		270		256;
479		"ContElem"		257		258		272;
480		"ContElem"		272		271		257;
481		"ContElem"		258		259		273;
482		"ContElem"		273		272		258;
483		"ContElem"		259		260		274;
484		"ContElem"		274		273		259;
485		"ContElem"		260		261		275;
486		"ContElem"		275		274		260;
487		"ContElem"		261		262		276;
488		"ContElem"		276		275		261;
489		"ContElem"		262		263		277;
490		"ContElem"		277		276		262;
491		"ContElem"		263		264		278;
492		"ContElem"		278		277		263;
493		"ContElem"		264		265		279;
494		"ContElem"		279		278		264;
495		"ContElem"		266		267		281;
496		"ContElem"		281		280		266;
497		"ContElem"		267		268		282;
498		"ContElem"		282		281		267;
499		"ContElem"		268		269		283;
500		"ContElem"		283		282		268;
501		"ContElem"		269		270		284;
502		"ContElem"		284		283		269;
503		"ContElem"		270		271		285;
504		"ContElem"		285		284		270;
505		"ContElem"		271		272		286;
506		"ContElem"		286		285		271;
507		"ContElem"		272		273		287;
508		"ContElem"		287		286		272;
509		"ContElem"		273		274		288;
510		"ContElem"		288		287		273;
511		"ContElem"		274		275		289;
512		"ContElem"		289		288		274;
513		"ContElem"		275		276		290;
514		"ContElem"		290		289		275;
515		"ContElem"		276		277		291;
516		"ContElem"		291		290		276;
517		"ContElem"		277		278		292;
518		"ContElem"		292		291		277;
519		"ContElem"		278		279		293;
520		"ContElem"		293		292		278;
521		"ContElem"		280		281		295;
522		"ContElem"		295		294		280;
523		"ContElem"		281		282		296;
524		"ContElem"		296		295		281;
525		"ContElem"		282		283		297;
526		"ContElem"		297		296		282;
527		"ContElem"		283		284		298;
528		"ContElem"		298		297		283;
529		"ContElem"		284		285		299;
530		"ContElem"		299		298		284;
531		"ContElem"		285		286		300;
532		"ContElem"		300		299		285;
533		"ContElem"		286		287		301;
534		"ContElem"		301		300		286;
535		"ContElem"		287		288		302;
536		"ContElem"		302		301		287;
537		"ContElem"		288		289		303;
538		"ContElem"		303		302		288;
539		"ContElem"		289		290		304;
540		"ContElem"		304		303		289;
541		"ContElem"		290		291		305;
542		"ContElem"		305		304		290;
543		"ContElem"		291		292		306;
544		"ContElem"		306		305		291;
545		"ContElem"		292		293		307;
546		"ContElem"		307		306		292;
547		"ContElem"		294		295		309;
548		"ContElem"		309		308		294;
549		"ContElem"		295		296		310;
550		"ContElem"		310		309		295;
551		"ContElem"		296		297		311;
552		"ContElem"		311		310		296;
553		"ContElem"		297		298		312;
554		"ContElem"		312		311		297;
555		"ContElem"		298		299		313;
556		"ContElem"		313		312		298;
557		"ContElem"		299		300		314;
558		"ContElem"		314		313		299;
559		"ContElem"		300		301		315;
560		"ContElem"		315		314		300;
561		"ContElem"		301		302		316;
562		"ContElem"		316		315		301;
563		"ContElem"		302		303		317;
564		"ContElem"		317		316		302;
565		"ContElem"		303		304		318;
566		"ContElem"		318		317		303;
567		"ContElem"		304		305		319;
568		"ContElem"		319		318		304;
569		"ContElem"		305		306		320;
570		"ContElem"		320		319		305;
571		"ContElem"		306		307		321;
572		"ContElem"		321		320		306;
573		"ContElem"		308		309		323;
574		"ContElem"		323		322		308;
575		"ContElem"		309		310		324;
576		"ContElem"		324		323		309;
577		"ContElem"		310		311		325;
578		"ContElem"		325		324		310;
579		"ContElem"		311		312		326;
580		"ContElem"		326		325		311;
581		"ContElem"		312		313		327;
582		"ContElem"		327		326		312;
583		"ContElem"		313		314		328;
584		"ContElem"		328		327		313;
585		"ContElem"		314		315		329;
586		"ContElem"		329		328		314;
587		"ContElem"		315		316		330;
588		"ContElem"		330		329		315;
589		"ContElem"		316		317		331;
590		"ContElem"		331		330		316;
591		"ContElem"		317		318		332;
592		"ContElem"		332		331		317;
593		"ContElem"		318		319		333;
594		"ContElem"		333		332		318;
595		"ContElem"		319		320		334;
596		"ContElem"		334		333		319;
597		"ContElem"		320		321		335;
598		"ContElem"		335		334		320;
599		"ContElem"		322		323		337;
600		"ContElem"		337		336		322;
601		"ContElem"		323		324		338;
602		"ContElem"		338		337		323;
603		"ContElem"		324		325		339;
604		"ContElem"		339		338		324;
605		"ContElem"		325		326		340;
606		"ContElem"		340		339		325;
607		"ContElem"		326		327		341;
608		"ContElem"		341		340		326;
609		"ContElem"		327		328		342;
610		"ContElem"		342		341		327;
611		"ContElem"		328		329		343;
612		"ContElem"		343		342		328;
613		"ContElem"		329		330		344;
614		"ContElem"		344		343		329;
615		"ContElem"		330		331		345;
616		"ContElem"		345		344		330;
617		"ContElem"		331		332		346;
618		"ContElem"		346		345		331;
619		"ContElem"		332		333		347;
620		"ContElem"		347		346		332;
621		"ContElem"		333		334		348;
622		"ContElem"		348		347		333;
623		"ContElem"		334		335		349;
624		"ContElem"		349		348		334;
625		"ContElem"		336		337		351;
626		"ContElem"		351		350		336;
627		"ContElem"		337		338		352;
628		"ContElem"		352		351		337;
629		"ContElem"		338		339		353;
630		"ContElem"		353		352		338;
631		"ContElem"		339		340		354;
632		"ContElem"		354		353		339;
633		"ContElem"		340		341		355;
634		"ContElem"		355		354		340;
635		"ContElem"		341		342		356;
636		"ContElem"		356		355		341;
637		"ContElem"		342		343		357;
638		"ContElem"		357		356		342;
639		"ContElem"		343		344		358;
640		"ContElem"		358		357		343;
641		"ContElem"		344		345		359;
642		"ContElem"		359		358		344;
643		"ContElem"		345		346		360;
644		"ContElem"		360		359		345;
645		"ContElem"		346		347		361;
646		"ContElem"		361		360		346;
647		"ContElem"		347		348		362;
648		"ContElem"		362		361		347;
649		"ContElem"		348		349		363;
650		"ContElem"		363		362		348;
651		"ContElem"		350		351		365;
652		"ContElem"		365		364		350;
653		"ContElem"		351		352		366;
654		"ContElem"		366		365		351;
655		"ContElem"		352		353		367;
656		"ContElem"		367		366		352;
657		"ContElem"		353		354		368;
658		"ContElem"		368		367		353;
659		"ContElem"		354		355		369;
660		"ContElem"		369		368		354;
661		"ContElem"		355		356		370;
662		"ContElem"		370		369		355;
663		"ContElem"		356		357		371;
664		"ContElem"		371		370		356;
665		"ContElem"		357		358		372;
666		"ContElem"		372		371		357;
667		"ContElem"		358		359		373;
668		"ContElem"		373		372		358;
669		"ContElem"		359		360		374;
670		"ContElem"		374		373		359;
671		"ContElem"		360		361		375;
672		"ContElem"		375		374		360;
673		"ContElem"		361		362		376;
674		"ContElem"		376		375		361;
675		"ContElem"		362		363		377;
676		"ContElem"		377		376		362;
677		"ContElem"		364		365		379;
678		"ContElem"		379		378		364;
679		"ContElem"		365		366		380;
680		"ContElem"		380		379		365;
681		"ContElem"		366		367		381;
682		"ContElem"		381		380		366;
683		"ContElem"		367		368		382;
684		"ContElem"		382		381		367;
685		"ContElem"		368		369		383;
686		"ContElem"		383		382		368;
687		"ContElem"		369		370		384;
688		"ContElem"		384		383		369;
689		"ContElem"		370		371		385;
690		"ContElem"		385		384		370;
691		"ContElem"		371		372		386;
692		"ContElem"		386		385		371;
693		"ContElem"		372		373		387;
694		"ContElem"		387		386		372;
695		"ContElem"		373		374		388;
696		"ContElem"		388		387		373;
697		"ContElem"		374		375		389;
698		"ContElem"		389		388		374;
699		"ContElem"		375		376		390;
700		"ContElem"		390		389		375;
701		"ContElem"		376		377		391;
702		"ContElem"		391		390		376;
703		"ContElem"		378		379		393;
704		"ContElem"		393		392		378;
705		"ContElem"		379		380		394;
706		"ContElem"		394		393		379;
707		"ContElem"		380		381		395;
708		"ContElem"		395		394		380;
709		"ContElem"		381		382		396;
710		"ContElem"		396		395		381;
711		"ContElem"		382		383		397;
712		"ContElem"		397		396		382;
713		"ContElem"		383		384		398;
714		"ContElem"		398		397		383;
715		"ContElem"		384		385		399;
716		"ContElem"		399		398		384;
717		"ContElem"		385		386		400;
718		"ContElem"		400		399		385;
719		"ContElem"		386		387		401;
720		"ContElem"		401		400		386;
721		"ContElem"		387		388		402;
722		"ContElem"		402		401		387;
723		"ContElem"		388		389		403;
724		"ContElem"		403		402		388;
725		"ContElem"		389		390		404;
726		"ContElem"		404		403		389;
727		"ContElem"		390		391		405;
728		"ContElem"		405		404		390;
729		"ContElem"		392		393		407;
730		"ContElem"		407		406		392;
731		"ContElem"		393		394		408;
732		"ContElem"		408		407		393;
733		"ContElem"		394		395		409;
734		"ContElem"		409		408		394;
735		"ContElem"		395		396		410;
736		"ContElem"		410		409		395;
737		"ContElem"		396		397		411;
738		"ContElem"		411		410		396;
739		"ContElem"		397		398		412;
740		"ContElem"		412		411		397;
741		"ContElem"		398		399		413;
742		"ContElem"		413		412		398;
743		"ContElem"		399		400		414;
744		"ContElem"		414		413		399;
745		"ContElem"		400		401		415;
746		"ContElem"		415		414		400;
747		"ContElem"		401		402		416;
748		"ContElem"		416		415		401;
749		"ContElem"		402		403		417;
750		"ContElem"		417		416		402;
751		"ContElem"		403		404		418;
752		"ContElem"		418		417		403;
753		"ContElem"		404		405		419;
754		"ContElem"		419		418		404;
755		"ContElem"		406		407		421;
756		"ContElem"		421		420		406;
757		"ContElem"		407		408		422;
758		"ContElem"		422		421		407;
759		"ContElem"		408		409		423;
760		"ContElem"		423		422		408;
761		"ContElem"		409		410		424;
762		"ContElem"		424		423		409;
763		"ContElem"		410		411		425;
764		"ContElem"		425		424		410;
765		"ContElem"		411		412		426;
766		"ContElem"		426		425		411;
767		"ContElem"		412		413		427;
768		"ContElem"		427		426		412;
769		"ContElem"		413		414		428;
770		"ContElem"		428		427		413;
771		"ContElem"		414		415		429;
772		"ContElem"		429		428		414;
773		"ContElem"		415		416		430;
774		"ContElem"		430		429		415;
775		"ContElem"		416		417		431;
776		"ContElem"		431		430		416;
777		"ContElem"		417		418		432;
778		"ContElem"		432		431		417;
779		"ContElem"		418		419		433;
780		"ContElem"		433		432		418;
781		"ContElem"		420		421		435;
782		"ContElem"		435		434		420;
783		"ContElem"		421		422		436;
784		"ContElem"		436		435		421;
785		"ContElem"		422		423		437;
786		"ContElem"		437		436		422;
787		"ContElem"		423		424		438;
788		"ContElem"		438		437		423;
789		"ContElem"		424		425		439;
790		"ContElem"		439		438		424;
791		"ContElem"		425		426		440;
792		"ContElem"		440		439		425;
793		"ContElem"		426		427		441;
794		"ContElem"		441		440		426;
795		"ContElem"		427		428		442;
796		"ContElem"		442		441		427;
797		"ContElem"		428		429		443;
798		"ContElem"		443		442		428;
799		"ContElem"		429		430		444;
800		"ContElem"		444		443		429;
801		"ContElem"		430		431		445;
802		"ContElem"		445		444		430;
803		"ContElem"		431		432		446;
804		"ContElem"		446		445		431;
805		"ContElem"		432		433		447;
806		"ContElem"		447		446		432;
807		"ContElem"		434		435		449;
808		"ContElem"		449		448		434;
809		"ContElem"		435		436		450;
810		"ContElem"		450		449		435;
811		"ContElem"		436		437		451;
812		"ContElem"		451		450		436;
813		"ContElem"		437		438		452;
814		"ContElem"		452		451		437;
815		"ContElem"		438		439		453;
816		"ContElem"		453		452		438;
817		"ContElem"		439		440		454;
818		"ContElem"		454		453		439;
819		"ContElem"		440		441		455;
820		"ContElem"		455		454		440;
821		"ContElem"		441		442		456;
822		"ContElem"		456		455		441;
823		"ContElem"		442		443		457;
824		"ContElem"		457		456		442;
825		"ContElem"		443		444		458;
826		"ContElem"		458		457		443;
827		"ContElem"		444		445		459;
828		"ContElem"		459		458		444;
829		"ContElem"		445		446		460;
830		"ContElem"		460		459		445;
831		"ContElem"		446		447		461;
832		"ContElem"		461		460		446;
833		"ContElem"		448		449		463;
834		"ContElem"		463		462		448;
835		"ContElem"		449		450		464;
836		"ContElem"		464		463		449;
837		"ContElem"		450		451		465;
838		"ContElem"		465		464		450;
839		"ContElem"		451		452		466;
840		"ContElem"		466		465		451;
841		"ContElem"		452		453		467;
842		"ContElem"		467		466		452;
843		"ContElem"		453		454		468;
844		"ContElem"		468		467		453;
845		"ContElem"		454		455		469;
846		"ContElem"		469		468		454;
847		"ContElem"		455		456		470;
848		"ContElem"		470		469		455;
849		"ContElem"		456		457		471;
850		"ContElem"		471		470		456;
851		"ContElem"		457		458		472;
852		"ContElem"		472		471		457;
853		"ContElem"		458		459		473;
854		"ContElem"		473		472		458;
855		"ContElem"		459		460		474;
856		"ContElem"		474		473		459;
857		"ContElem"		460		461		475;
858		"ContElem"		475		474		460;
859		"ContElem"		462		463		477;
860		"ContElem"		477		476		462;
861		"ContElem"		463		464		478;
862		"ContElem"		478		477		463;
863		"ContElem"		464		465		479;
864		"ContElem"		479		478		464;
865		"ContElem"		465		466		480;
866		"ContElem"		480		479		465;
867		"ContElem"		466		467		481;
868		"ContElem"		481		480		466;
869		"ContElem"		467		468		482;
870		"ContElem"		482		481		467;
871		"ContElem"		468		469		483;
872		"ContElem"		483		482		468;
873		"ContElem"		469		470		484;
874		"ContElem"		484		483		469;
875		"ContElem"		470		471		485;
876		"ContElem"		485		484		470;
877		"ContElem"		471		472		486;
878		"ContElem"		486		485		471;
879		"ContElem"		472		473		487;
880		"ContElem"		487		486		472;
881		"ContElem"		473		474		488;
882		"ContElem"		488		487		473;
883		"ContElem"		474		475		489;
884		"ContElem"		489		488		474;
885		"ContElem"		476		477		491;
886		"ContElem"		491		490		476;
887		"ContElem"		477		478		492;
888		"ContElem"		492		491		477;
889		"ContElem"		478		479		493;
890		"ContElem"		493		492		478;
891		"ContElem"		479		480		494;
892		"ContElem"		494		493		479;
893		"ContElem"		480		481		495;
894		"ContElem"		495		494		480;
895		"ContElem"		481		482		496;
896		"ContElem"		496		495		481;
897		"ContElem"		482		483		497;
898		"ContElem"		497		496		482;
899		"ContElem"		483		484		498;
900		"ContElem"		498		497		483;
901		"ContElem"		484		485		499;
902		"ContElem"		499		498		484;
903		"ContElem"		485		486		500;
904		"ContElem"		500		499		485;
905		"ContElem"		486		487		501;
906		"ContElem"		501		500		486;
907		"ContElem"		487		488		502;
908		"ContElem"		502		501		487;
909		"ContElem"		488		489		503;
910		"ContElem"		503		502		488;
911		"ContElem"		490		491		505;
912		"ContElem"		505		504		490;
913		"ContElem"		491		492		506;
914		"ContElem"		506		505		491;
915		"ContElem"		492		493		507;
916		"ContElem"		507		506		492;
917		"ContElem"		493		494		508;
918		"ContElem"		508		507		493;
919		"ContElem"		494		495		509;
920		"ContElem"		509		508		494;
921		"ContElem"		495		496		510;
922		"ContElem"		510		509		495;
923		"ContElem"		496		497		511;
924		"ContElem"		511		510		496;
925		"ContElem"		497		498		512;
926		"ContElem"		512		511		497;
927		"ContElem"		498		499		513;
928		"ContElem"		513		512		498;
929		"ContElem"		499		500		514;
930		"ContElem"		514		513		499;
931		"ContElem"		500		501		515;
932		"ContElem"		515		514		500;
933		"ContElem"		501		502		516;
934		"ContElem"		516		515		501;
935		"ContElem"		502		503		517;
936		"ContElem"		517		516		502;
937		"ContElem"		504		505		519;
938		"ContElem"		519		518		504;
939		"ContElem"		505		506		520;
940		"ContElem"		520		519		505;
941		"ContElem"		506		507		521;
942		"ContElem"		521		520		506;
943		"ContElem"		507		508		522;
944		"ContElem"		522		521		507;
945		"ContElem"		508		509		523;
946		"ContElem"		523		522		508;
947		"ContElem"		509		510		524;
948		"ContElem"		524		523		509;
949		"ContElem"		510		511		525;
950		"ContElem"		525		524		510;
951		"ContElem"		511		512		526;
952		"ContElem"		526		525		511;
953		"ContElem"		512		513		527;
954		"ContElem"		527		526		512;
955		"ContElem"		513		514		528;
956		"ContElem"		528		527		513;
957		"ContElem"		514		515		529;
958		"ContElem"		529		528		514;
959		"ContElem"		515		516		530;
960		"ContElem"		530		529		515;
961		"ContElem"		516		517		531;
962		"ContElem"		531		530		516;
963		"ContElem"		518		519		533;
964		"ContElem"		533		532		518;
965		"ContElem"		519		520		534;
966		"ContElem"		534		533		519;
967		"ContElem"		520		521		535;
968		"ContElem"		535		534		520;
969		"ContElem"		521		522		536;
970		"ContElem"		536		535		521;
971		"ContElem"		522		523		537;
972		"ContElem"		537		536		522;
973		"ContElem"		523		524		538;
974		"ContElem"		538		537		523;
975		"ContElem"		524		525		539;
976		"ContElem"		539		538		524;
977		"ContElem"		525		526		540;
978		"ContElem"		540		539		525;
979		"ContElem"		526		527		541;
980		"ContElem"		541		540		526;
981		"ContElem"		527		528		542;
982		"ContElem"		542		541		527;
983		"ContElem"		528		529		543;
984		"ContElem"		543		542		528;
985		"ContElem"		529		530		544;
986		"ContElem"		544		543		529;
987		"ContElem"		530		531		545;
988		"ContElem"		545		544		530;
989		"ContElem"		532		533		547;
990		"ContElem"		547		546		532;
991		"ContElem"		533		534		548;
992		"ContElem"		548		547		533;
993		"ContElem"		534		535		549;
994		"ContElem"		549		548		534;
995		"ContElem"		535		536		550;
996		"ContElem"		550		549		535;
997		"ContElem"		536		537		551;
998		"ContElem"		551		550		536;
999		"ContElem"		537		538		552;
1000		"ContElem"		552		551		537;
1001		"ContElem"		538		539		553;
1002		"ContElem"		553		552		538;
1003		"ContElem"		539		540		554;
1004		"ContElem"		554		553		539;
1005		"ContElem"		540		541		555;
1006		"ContElem"		555		554		540;
1007		"ContElem"		541		542		556;
1008		"ContElem"		556		555		541;
1009		"ContElem"		542		543		557;
1010		"ContElem"		557		556		542;
1011		"ContElem"		543		544		558;
1012		"ContElem"		558		557		543;
1013		"ContElem"		544		545		559;
1014		"ContElem"		559		558		544;
1015		"ContElem"		546		547		561;
1016		"ContElem"		561		560		546;
1017		"ContElem"		547		548		562;
1018		"ContElem"		562		561		547;
1019		"ContElem"		548		549		563;
1020		"ContElem"		563		562		548;
1021		"ContElem"		549		550		564;
1022		"ContElem"		564		563		549;
1023		"ContElem"		550		551		565;
1024		"ContElem"		565		564		550;
1025		"ContElem"		551		552		566;
1026		"ContElem"		566		565		551;
1027		"ContElem"		552		553		567;
1028		"ContElem"		567		566		552;
1029		"ContElem"		553		554		568;
1030		"ContElem"		568		567		553;
1031		"ContElem"		554		555		569;
1032		"ContElem"		569		568		554;
1033		"ContElem"		555		556		570;
1034		"ContElem"		570		569		555;
1035		"ContElem"		556		557		571;
1036		"ContElem"		571		570		556;
1037		"ContElem"		557		558		572;
1038		"ContElem"		572		571		557;
1039		"ContElem"		558		559		573;
1040		"ContElem"		573		572		558;
1041		"ContElem"		560		561		575;
1042		"ContElem"		575		574		560;
1043		"ContElem"		561		562		576;
1044		"ContElem"		576		575		561;
1045		"ContElem"		562		563		577;
1046		"ContElem"		577		576		562;
1047		"ContElem"		563		564		578;
1048		"ContElem"		578		577		563;
1049		"ContElem"		564		565		579;
1050		"ContElem"		579		578		564;
1051		"ContElem"		565		566		580;
1052		"ContElem"		580		579		565;
1053		"ContElem"		566		567		581;
1054		"ContElem"		581		580		566;
1055		"ContElem"		567		568		582;
1056		"ContElem"		582		581		567;
1057		"ContElem"		568		569		583;
1058		"ContElem"		583		582		568;
1059		"ContElem"		569		570		584;
1060		"ContElem"		584		583		569;
1061		"ContElem"		570		571		585;
1062		"ContElem"		585		584		570;
1063		"ContElem"		571		572		586;
1064		"ContElem"		586		585		571;
1065		"ContElem"		572		573		587;
1066		"ContElem"		587		586		572;
1067		"ContElem"		574		575		589;
1068		"ContElem"		589		588		574;
1069		"ContElem"		575		576		590;
1070		"ContElem"		590		589		575;
1071		"ContElem"		576		577		591;
1072		"ContElem"		591		590		576;
1073		"ContElem"		577		578		592;
1074		"ContElem"		592		591		577;
1075		"ContElem"		578		579		593;
1076		"ContElem"		593		592		578;
1077		"ContElem"		579		580		594;
1078		"ContElem"		594		593		579;
1079		"ContElem"		580		581		595;
1080		"ContElem"		595		594		580;
1081		"ContElem"		581		582		596;
1082		"ContElem"		596		595		581;
1083		"ContElem"		582		583		597;
1084		"ContElem"		597		596		582;
1085		"ContElem"		583		584		598;
1086		"ContElem"		598		597		583;
1087		"ContElem"		584		585		599;
1088		"ContElem"		599		598		584;
1089		"ContElem"		585		586		600;
1090		"ContElem"		600		599		585;
1091		"ContElem"		586		587		601;
1092		"ContElem"		601		600		586;
1093		"ContElem"		588		589		603;
1094		"ContElem"		603		602		588;
1095		"ContElem"		589		590		604;
1096		"ContElem"		604		603		589;
1097		"ContElem"		590		591		605;
1098		"ContElem"		605		604		590;
1099		"ContElem"		591		592		606;
1100		"ContElem"		606		605		591;
1101		"ContElem"		592		593		607;
1102		"ContElem"		607		606		592;
1103		"ContElem"		593		594		608;
1104		"ContElem"		608		607		593;
1105		"ContElem"		594		595		609;
1106		"ContElem"		609		608		594;
1107		"ContElem"		595		596		610;
1108		"ContElem"		610		609		595;
1109		"ContElem"		596		597		611;
1110		"ContElem"		611		610		596;
1111		"ContElem"		597		598		612;
1112		"ContElem"		612		611		597;
1113		"ContElem"		598		599		613;
1114		"ContElem"		613		612		598;
1115		"ContElem"		599		600		614;
1116		"ContElem"		614		613		599;
1117		"ContElem"		600		601		615;
1118		"ContElem"		615		614		600;
1119		"ContElem"		602		603		617;
1120		"ContElem"		617		616		602;
1121		"ContElem"		603		604		618;
1122		"ContElem"		618		617		603;
1123		"ContElem"		604		605		619;
1124		"ContElem"		619		618		604;
1125		"ContElem"		605		606		620;
1126		"ContElem"		620		619		605;
1127		"ContElem"		606		607		621;
1128		"ContElem"		621		620		606;
1129		"ContElem"		607		608		622;
1130		"ContElem"		622		621		607;
1131		"ContElem"		608		609		623;
1132		"ContElem"		623		622		608;
1133		"ContElem"		609		610		624;
1134		"ContElem"		624		623		609;
1135		"ContElem"		610		611		625;
1136		"ContElem"		625		624		610;
1137		"ContElem"		611		612		626;
1138		"ContElem"		626		625		611;
1139		"ContElem"		612		613		627;
1140		"ContElem"		627		626		612;
1141		"ContElem"		613		614		628;
1142		"ContElem"		628		627		613;
1143		"ContElem"		614		615		629;
1144		"ContElem"		629		628		614;
1145		"ContElem"		616		617		631;
1146		"ContElem"		631		630		616;
1147		"ContElem"		617		618		632;
1148		"ContElem"		632		631		617;
1149		"ContElem"		618		619		633;
1150		"ContElem"		633		632		618;
1151		"ContElem"		619		620		634;
1152		"ContElem"		634		633		619;
1153		"ContElem"		620		621		635;
1154		"ContElem"		635		634		620;
1155		"ContElem"		621		622		636;
1156		"ContElem"		636		635		621;
1157		"ContElem"		622		623		637;
1158		"ContElem"		637		636		622;
1159		"ContElem"		623		624		638;
1160		"ContElem"		638		637		623;
1161		"ContElem"		624		625		639;
1162		"ContElem"		639		638		624;
1163		"ContElem"		625		626		640;
1164		"ContElem"		640		639		625;
1165		"ContElem"		626		627		641;
1166		"ContElem"		641		640		626;
1167		"ContElem"		627		628		642;
1168		"ContElem"		642		641		627;
1169		"ContElem"		628		629		643;
1170		"ContElem"		643		642		628;
1171		"ContElem"		630		631		645;
1172		"ContElem"		645		644		630;
1173		"ContElem"		631		632		646;
1174		"ContElem"		646		645		631;
1175		"ContElem"		632		633		647;
1176		"ContElem"		647		646		632;
1177		"ContElem"		633		634		648;
1178		"ContElem"		648		647		633;
1179		"ContElem"		634		635		649;
1180		"ContElem"		649		648		634;
1181		"ContElem"		635		636		650;
1182		"ContElem"		650		649		635;
1183		"ContElem"		636		637		651;
1184		"ContElem"		651		650		636;
1185		"ContElem"		637		638		652;
1186		"ContElem"		652		651		637;
1187		"ContElem"		638		639		653;
1188		"ContElem"		653		652		638;
1189		"ContElem"		639		640		654;
1190		"ContElem"		654		653		639;
1191		"ContElem"		640		641		655;
1192		"ContElem"		655		654		640;
1193		"ContElem"		641		642		656;
1194		"ContElem"		656		655		641;
1195		"ContElem"		642		643		657;
1196		"ContElem"		657		656		642;
1197		"ContElem"		644		645		659;
1198		"ContElem"		659		658		644;
1199		"ContElem"		645		646		660;
1200		"ContElem"		660		659		645;
1201		"ContElem"		646		647		661;
1202		"ContElem"		661		660		646;
1203		"ContElem"		647		648		662;
1204		"ContElem"		662		661		647;
1205		"ContElem"		648		649		663;
1206		"ContElem"		663		662		648;
1207		"ContElem"		649		650		664;
1208		"ContElem"		664		663		649;
1209		"ContElem"		650		651		665;
1210		"ContElem"		665		664		650;
1211		"ContElem"		651		652		666;
1212		"ContElem"		666		665		651;
1213		"ContElem"		652		653		667;
1214		"ContElem"		667		666		652;
1215		"ContElem"		653		654		668;
1216		"ContElem"		668		667		653;
1217		"ContElem"		654		655		669;
1218		"ContElem"		669		668		654;
1219		"ContElem"		655		656		670;
1220		"ContElem"		670		669		655;
1221		"ContElem"		656		657		671;
1222		"ContElem"		671		670		656;
1223		"ContElem"		658		659		673;
1224		"ContElem"		673		672		658;
1225		"ContElem"		659		660		674;
1226		"ContElem"		674		673		659;
1227		"ContElem"		660		661		675;
1228		"ContElem"		675		674		660;
1229		"ContElem"		661		662		676;
1230		"ContElem"		676		675		661;
1231		"ContElem"		662		663		677;
1232		"ContElem"		677		676		662;
1233		"ContElem"		663		664		678;
1234		"ContElem"		678		677		663;
1235		"ContElem"		664		665		679;
1236		"ContElem"		679		678		664;
1237		"ContElem"		665		666		680;
1238		"ContElem"		680		679		665;
1239		"ContElem"		666		667		681;
1240		"ContElem"		681		680		666;
1241		"ContElem"		667		668		682;
1242		"ContElem"		682		681		667;
1243		"ContElem"		668		669		683;
1244		"ContElem"		683		682		668;
1245		"ContElem"		669		670		684;
1246		"ContElem"		684		683		669;
1247		"ContElem"		670		671		685;
1248		"ContElem"		685		684		670;
1249		"ContElem"		672		673		687;
1250		"ContElem"		687		686		672;
1251		"ContElem"		673		674		688;
1252		"ContElem"		688		687		673;
1253		"ContElem"		674		675		689;
1254		"ContElem"		689		688		674;
1255		"ContElem"		675		676		690;
1256		"ContElem"		690		689		675;
1257		"ContElem"		676		677		691;
1258		"ContElem"		691		690		676;
1259		"ContElem"		677		678		692;
1260		"ContElem"		692		691		677;
1261		"ContElem"		678		679		693;
1262		"ContElem"		693		692		678;
1263		"ContElem"		679		680		694;
1264		"ContElem"		694		693		679;
1265		"ContElem"		680		681		695;
1266		"ContElem"		695		694		680;
1267		"ContElem"		681		682		696;
1268		"ContElem"		696		695		681;
1269		"ContElem"		682		683		697;
1270		"ContElem"		697		696		682;
1271		"ContElem"		683		684		698;
1272		"ContElem"		698		697		683;
1273		"ContElem"		684		685		699;
1274		"ContElem"		699		698		684;
1275		"ContElem"		686		687		701;
1276		"ContElem"		701		700		686;
1277		"ContElem"		687		688		702;
1278		"ContElem"		702		701		687;
1279		"ContElem"		688		689		703;
1280		"ContElem"		703		702		688;
1281		"ContElem"		689		690		704;
1282		"ContElem"		704		703		689;
1283		"ContElem"		690		691		705;
1284		"ContElem"		705		704		690;
1285		"ContElem"		691		692		706;
1286		"ContElem"		706		705		691;
1287		"ContElem"		692		693		707;
1288		"ContElem"		707		706		692;
1289		"ContElem"		693		694		708;
1290		"ContElem"		708		707		693;
1291		"ContElem"		694		695		709;
1292		"ContElem"		709		708		694;
1293		"ContElem"		695		696		710;
1294		"ContElem"		710		709		695;
1295		"ContElem"		696		697		711;
1296		"ContElem"		711		710		696;
1297		"ContElem"		697		698		712;
1298		"ContElem"		712		711		697;
1299		"ContElem"		698		699		713;
1300		"ContElem"		713		712		698;
</Elements>

<NodeConstraints>
u[0] = 0;
v[0] = 0;
u[1] = 0;
v[1] = 0;
u[2] = 0;
v[2] = 0;
u[3] = 0;
v[3] = 0;
u[4] = 0;
v[4] = 0;
u[5] = 0;
v[5] = 0;
u[6] = 0;
v[6] = 0;
u[7] = 0;
v[7] = 0;
u[8] = 0;
v[8] = 0;
u[9] = 0;
v[9] = 0;
u[10] = 0;
v[10] = 0;
u[11] = 0;
v[11] = 0;
u[12] = 0;
v[12] = 0;
u[13] = 0;
v[13] = 0;
</NodeConstraints>

<ExternalForces>
u[713] = 0.0;
v[713] = -0.048076923875;
u[712] = 0.0;
v[712] = -0.096153847875;
u[711] = 0.0;
v[711] = -0.096153843625;
u[710] = 0.0;
v[710] = -0.09615384837499999;
u[709] = 0.0;
v[709] = -0.09615384125000001;
u[708] = 0.0;
v[708] = -0.09615383999999999;
u[707] = 0.0;
v[707] = -0.09615385500000001;
u[706] = 0.0;
v[706] = -0.09615385500000001;
u[705] = 0.0;
v[705] = -0.09615385500000001;
u[704] = 0.0;
v[704] = -0.09615382625000002;
u[703] = 0.0;
v[703] = -0.09615382625000002;
u[702] = 0.0;
v[702] = -0.09615385499999995;
u[701] = 0.0;
v[701] = -0.09615385499999995;
u[700] = 0.0;
v[700] = -0.04807692750000003;
</ExternalForces>