4	4	15	20	1
0.700003236830	-0.299971193951	-0.299996591984	0.700009806347
1.299993065459	0.299988313459	0.299994824545	1.299997180436
0.002307136879	273.380322047346
0.237632615252	-0.663122697737	0.472008747851	0.421293711118
-0.688484610174	0.178779993222	-0.833377809743	-0.620839151811
0.292207955332	0.487094851155	-0.643440766524	0.896639548120
-0.586321205933	0.382595089404	-0.579275373064	0.607563158405
-0.004254067910	0.009211404841	-0.011144714383	-0.002784099287
0.002392623677	-0.005075224501	0.006001167128	0.001403099975
-0.002138499051	0.004829588238	-0.006133196822	-0.001645367359
0.007639435516	-0.015280535026	0.016646238136	0.003347578686
-0.006112047311	0.012661061038	-0.014474546822	-0.003266385169
-0.005950808187	0.012369254048	-0.014206621185	-0.003234169919
-0.000946470019	0.002414081041	-0.003440937342	-0.001091082705
-0.013046991209	0.024163261193	-0.022996723809	-0.003248331343
-0.003297952196	0.007271135015	-0.008988502223	-0.002317323392
-0.000508310928	0.001395346341	-0.002107272949	-0.000715439567
-0.003323581674	0.007310113847	-0.009012301915	-0.002311749150
0.000398963589	-0.000539114608	0.000195554714	-0.000171263762
-0.010532804304	0.020182980200	-0.020466990274	-0.003511471932
-0.002436803851	0.005481045243	-0.006929509277	-0.001848336016
-0.015661828980	0.028186513268	-0.025270014650	-0.002802537979
-0.004320772145	0.009402865862	-0.011440813694	-0.002897114682
-0.002009120390	0.004698538895	-0.006185174068	-0.001761001482
-0.013821630066	0.025405040583	-0.023834641492	-0.003174547225
0.003082785445	-0.006558447084	0.007780018123	0.001838518763
-0.005083471548	0.010740496019	-0.012607809101	-0.002979205220
0.018059133937
-0.005884356513
0.009864671579
-0.019514845365
0.022023998990
0.021679217428
0.008111487247
0.034239711902
0.014241973482
0.005703621409
0.014066808407
0.003504109096
0.029835325112
0.011227035779
0.037549769647
0.019789166444
0.011787672329
0.033577575974
-0.008525512925
0.018823662203
0.710294017634
-0.013008794916
0.489927740118
0.108573466414
-0.000005237717
-0.000004334359
0.000002833989
0.000029339496
-0.000022414214
-0.000020445248
0.000001673742
-0.000193058602
0.000000473289
0.000000952961
0.000000543341
-0.000001174108
-0.000109526533
0.000002516042
-0.000296516136
-0.000007311033
0.000002258049
-0.000208639497
-0.000003872853
-0.000010053592
-0.068923299788
-1.161655906735	-0.428830272045	-0.907106978959	-0.204750560053
-0.218463250804	0.573187895054	0.909420982582	-0.421871844032
0.450537126388	-0.946033181879	0.643882526902	-0.962366676060
0.965785781652	0.874374696830	-0.952717222145	0.024530218723
-0.046627192571	0.007542433747	-0.185084147277	0.254592284660
-0.436634907661	-0.501512023075	-0.422018289291	-0.342386900926
0.078250205500	0.220637670923	-0.300424091712	0.059773448960
-0.523183461144	0.014468762611	-0.015830040847	0.055274896478
0.072086547629	0.403782510942	0.206479193371	0.084432280568
0.135059376805	-0.170172024055	0.004785729306	-0.291196718981
-0.103444902501	0.273167515570	0.025481146399	0.074838803328
0.794975180002	1.084860803135	-0.388386439149	-0.371699473114
-0.061018231295	-0.095082729281	-0.016205927411	0.015816432709
0.126429225490	0.165584787452	-0.208039227077	-0.465826508621
-0.069487113931	0.100783842896	-0.287181899855	-0.113903320338
-0.080761998632	0.005486172360	-0.056448044346	-0.175870030482
-0.081558904621	-0.151211916565	0.002481833551	-0.004394912829
-0.095427500875	0.076249239264	-0.118877320157	0.295442210577
-0.273389230519	0.202157717311	0.008501177554	-0.015233856368
0.081918998602	0.145971542263	-0.003909985135	0.003604413586
-0.105319044838	-0.166719659915	0.196307261897	0.277468425886
0.195611038995	0.024163643873	-0.051312557412	0.212785240796
-0.202017145599	-0.188153823498	0.171237712060	-0.217794612844
-0.381289534265	-0.016442044833	-0.000430966855	-0.034603415980
-0.706010063716
-0.874223825118
-0.402389526671
0.399551892685
-0.401200284016
0.247844756923
1.012742117226
0.713626528273
0.191289387302
-0.124483774123
0.433748489836
-0.679408319905
0.413609069931
0.432198138078
-0.501501401650
-0.593855771332
-0.435903547426
-0.431279885641
-0.467941305924
-0.662343430174
-1.289566138419
-1.332491160146
-0.519855720081
0.238784616252
0.078827447140
0.369170136716
0.276996898369
-0.106908529991
0.215439378973
0.002449106379
-0.043574112532
-1.124421101064
-0.002755339774
0.016041895922
0.127610904004
-0.592803709019
-0.056244407154
0.020179019908
-0.006678378021
0.039629594007
0.262546118617
0.034775381149
-0.473504560931
0.382767427851
1.390411098837
0.072140710560	0.596255549654	0.787759611757	-0.701288213010
1.191358329470	0.059594397846	-0.098671118800	0.345973439754
0.037177240689	-0.562501068267	-0.560524755524	-0.662724557373
0.260113385390	0.474495665659	0.549564440154	-0.194062088718
0.043803605889	0.006595282328	-0.025392232280	0.056320669959
-0.048968581396	-0.007016010152	0.044170078007	-0.020807804385
0.119081633873	-0.208616208294	0.109281493553	0.008672975922
0.053729719644	0.000721330072	-0.032792909558	0.064006916383
0.207226315527	0.163336670782	-0.360898179431	0.155660188301
0.047686796191	0.010399742990	-0.039409100284	0.045929146938
-0.052471220898	0.001795603301	0.015510311375	-0.076781184791
0.161265392554	0.029581230103	-0.306556319659	0.045216188799
0.069401432205	0.004829618565	-0.054166788132	0.105099266442
0.225375569543	0.284706376045	0.031161871176	-0.165374004982
-0.059833965169	-0.007336323013	0.036728870961	-0.047325592839
0.243847759656	0.241112811918	-0.356765702202	0.168143066887
-0.057070001481	-0.008380219339	0.049432990606	-0.032583812747
0.301709240094	-0.047636893252	0.091762057637	-0.075812621507
-0.041949247668	-0.019933198743	0.028040265137	-0.069901667419
0.035023773242	0.017516458892	-0.032391163558	0.089660827755
0.039829270312	0.010344249876	-0.018673590747	0.088948877727
-0.002676607709	-0.149219246242	0.168101074643	0.040562516112
0.041813371165	0.015366958518	-0.030720713482	0.051679229867
0.046763773515	0.008226539234	-0.034980658537	0.068116295713
0.088500880604
-0.080531502745
0.154392171449
0.139966404951
0.627704228834
0.100316344118
-0.166986448824
-0.841118725163
0.183216731999
-0.253928335135
-0.165234031682
-0.279742434446
-0.116477955596
-0.472508545670
-0.213218709603
0.175023220470
0.178220507887
0.106846476126
0.089885503690
0.125723175213
0.680507800365
0.953714767868
-0.252095713295
-0.853918055906
-0.009261912179
-0.008210235456
-0.005380673377
-0.009632388170
0.020722017050
-0.001297274363
0.037399977170
0.098058184119
-0.033625289317
0.241220931480
0.014346687455
0.076873676292
-0.004156865027
0.178491194314
0.036791546124
-0.036755136302
-0.035607188403
-0.072034957592
-0.007714004523
-0.014683534291
0.575129568942
0.022854402271	-0.474540535865	0.548573770583	-0.099291023294
-0.046563504561	-0.376184896780	0.460718323668	0.404802481825
0.844914487656	0.184604100202	0.406438793462	-0.029888887333
0.426265671361	-0.395616330336	0.484779729844	0.636052489136
0.075463018786	0.008769608857	-0.058894154557	-0.050230621932
-0.017299372041	0.022679156122	0.020132172603	0.041651715525
0.013951823432	-0.016979242225	-0.016404997732	-0.046621271669
-0.016168667077	-0.016369704964	-0.007399575191	-0.030702042353
-0.225356615782	-0.058892892075	0.005910139592	-0.125584066659
0.050482937918	0.021393801289	-0.003923839887	0.044549269286
0.018240628160	0.017928297519	0.007572141707	0.032517669592
0.039874271557	0.022893795531	0.002324048944	0.039569366608
-0.007828012742	-0.008242771746	-0.010819874670	-0.048465463957
-0.059217881183	-0.025623850862	0.003276003303	-0.040588096717
-0.019399929759	-0.023076266452	0.000278712490	-0.048121491911
-0.005112090528	-0.007616065360	-0.011952965602	-0.048578634672
-0.056615486815	-0.023013488734	0.005376375979	-0.043828388287
0.290585449507	0.076673525067	-0.004452227910	0.203320065055
-0.579279548524	0.209206538770	0.301264867273	0.601721735985
0.022038811824	0.019557534866	0.007004991908	0.035169290388
-0.021241711790	-0.002204584950	0.018625263063	0.056678862229
-0.036813688295	-0.022251150504	-0.003005887046	-0.039445562525
0.016077026710	0.055997331286	0.029014688288	0.013598262946
0.064042217056	0.026113049774	-0.006689146752	0.042129084111
-0.103462575633
0.111927934563
-0.122328177785
-0.045114565471
-0.459510955591
0.131613561869
0.050164022304
0.089963313710
-0.116024748103
-0.118463999889
-0.139391984896
-0.115134328249
-0.133291269014
-0.511567826100
-0.285031731376
0.058475698237
0.134604510454
-0.085075356099
0.073597635514
0.134157614201
-1.215484741008
0.180951790555
-0.154212847744
0.384744178021
-0.024966446051
-0.015258315193
0.017026293989
-0.002136719692
0.439206367672
-0.015016547487
0.001847968973
-0.005423547555
0.003053365006
0.014085407282
0.026675257838
0.002281973229
0.016345992136
-0.079288203068
0.732667504415
0.001088950482
-0.006633404431
0.004062782208
-0.020858904171
-0.017977151134
0.359688523676
0.817251240704	0.581226192633	-0.431317785508	0.070244261706
0.836953366259	0.865200149850	0.827676907669	-0.904709094232
0.727424878971	0.208127056275	0.040275644352	0.941114086989
0.067707842366	0.846141425863	0.229440075747	0.343197231171
0.003308797726	0.009563901942	-0.046807336289	0.010440072379
-0.000084188242	-0.001744056350	0.018956963220	-0.001995268089
0.001045110806	0.004080103293	-0.032415823314	0.004761682334
0.000045870023	-0.000744427606	0.009305349416	-0.000849839587
0.000023153304	-0.001364029651	0.015463311446	-0.001509147618
0.000063528893	0.001283519834	-0.015464978835	0.001578645349
-0.000314834674	-0.002745520427	0.025453632159	-0.003031407271
0.000059596784	0.000939715834	-0.012409286132	0.001248965603
0.000066252401	0.000585728413	-0.008745711002	0.000884285054
0.000015019576	0.001069112135	-0.013225113077	0.001298662733
0.000038457055	0.000381013622	-0.005887527911	0.000584913363
0.000360586567	0.002317824766	-0.023599410908	0.002807613007
0.000023246540	0.000853539691	-0.011207996956	0.001096320310
0.000064618428	-0.000208404606	0.002083400444	-0.000142943461
0.001782988414	0.005615983238	-0.037797083975	0.006494047268
-0.000279842993	-0.002524994638	0.024287754328	-0.002837934474
0.002009033987	0.006184156731	-0.039381742322	0.007069248928
0.000002625909	-0.001386437805	0.015797046347	-0.001562445042
0.000030046001	-0.000001204283	-0.000422884467	0.000063546837
0.000046203506	-0.000008066104	-0.000559560779	0.000089250132
0.057053319078
-0.019031601139
0.034850858995
-0.009120203392
-0.015298547843
0.015495298418
-0.026103900070
0.012446460489
0.008826220964
0.013155429340
0.005927294643
0.024304488777
0.011169675093
-0.001912101159
0.042251007976
-0.024837481826
0.044554103042
-0.015677782737
0.000490479658
0.000664292952
0.918073271355
-0.394503067813
-0.821497573651
0.319160800526
-0.008412353674
0.000487750704
-0.002323649709
0.000094877917
0.000289410130
-0.000289849077
0.001112334929
-0.000173477693
-0.000085752552
-0.000199825934
-0.000044594801
-0.000891498807
-0.000138963890
0.000011184684
-0.003854862740
0.000969962619
-0.004444469379
0.000305173148
-0.000002895863
-0.000003942890
-0.026073854155
0.445261596723	-0.282582644328	-0.723939248319	-1.122178822156
0.259962132426	0.436014150478	-0.947120660471	0.894786412637
-0.703420280768	0.594074691578	0.835485481227	-0.139736269529
-0.284117352141	-0.051654095876	-0.869723873169	-1.105242122132
-0.024876125067	0.021103322044	0.000361784843	-0.035942721905
-0.032980235711	0.032789662001	-0.040616423842	-0.071098172318
0.118227780654	-0.015542577406	0.107034509268	0.044679866963
0.237811358140	-0.117303911235	0.213968313869	0.138633952833
-0.015469132128	0.041655411629	-0.039778339327	-0.094414152810
-0.026340279049	0.037823375736	-0.051342388435	-0.090823530553
0.095983780015	-0.019232477348	0.091253442766	0.052536573613
-0.024320801424	0.024423903735	-0.005175120595	-0.044738437820
-0.011353409463	0.004374882374	-0.002639377339	-0.080659020976
-0.059591525278	0.031028406829	-0.097369342274	-0.096906471722
0.091618802427	-0.017611200214	0.039742186874	0.016911691777
0.109666859581	-0.017349602562	0.124055958673	0.065801567415
-0.028390191936	0.040444931848	-0.066254948776	-0.104905399869
0.078936728470	-0.021994150429	-0.006122072897	-0.014258090934
-0.014703135170	0.020662349237	-0.007641904769	-0.063147752793
-0.048853385569	-0.055119430126	-0.005657168693	-0.247862262110
0.112299566449	-0.007836542435	0.015725254953	-0.011294570088
-0.032104971846	0.030236419286	-0.022022242872	-0.054050457878
-0.422157994885	0.251309696403	-0.367723311035	-0.203405467880
-0.131196227694	-0.041393547723	-0.063698805241	-0.381091562929
0.045574677085
0.078668990966
-0.162571132660
0.955718707295
0.056201550573
0.073653199525
-0.147654030130
0.048730730282
0.004138929029
0.109832269482
-0.124178519619
-0.167118604030
0.074172559881
-0.087819378833
0.030148511041
-0.212341988031
-0.130939347260
0.068115605232
0.091888746945
0.087505850787
0.713924051645
0.583381816466
-0.944386279647
-1.077718954944
0.005785899224
0.007224674215
-0.040317424366
-0.541786045278
-0.005165794937
0.000668726165
-0.028264393623
0.005322841583
-0.008473377664
0.005780739242
-0.018290086800
-0.033960607387
-0.000692761995
-0.006562253163
-0.002504138033
0.002274828968
-0.012716825674
0.007332342515
-0.255649733676
0.027557471138
0.385898711035
0.756787049108	-0.010279713088	0.569461984116	-0.256263843376
-0.209411660239	-0.724134867677	-0.665536439492	0.179456873505
-0.855960123817	-0.416762832388	-0.327555923929	-0.796252145409
-0.572020505154	0.322560767457	0.491814567182	0.494854785723
0.045012473793	0.087084495322	0.003213089073	-0.023860695133
-0.009262864687	-0.017577151928	0.060880774119	-0.009247312830
0.022718914310	0.064996845502	0.000096756173	-0.020413552835
0.013504191232	0.001651166746	0.267903431140	-0.201733658729
0.038006769597	0.135448193130	-0.013000165039	-0.019974258830
0.058473510900	-0.395704836727	0.177963660189	-0.017038227833
0.005618701917	0.028012931736	0.042942364564	-0.023828709634
0.033289496053	0.110444020759	-0.008731534835	-0.026905312426
-0.071769034886	0.046255985879	-0.220414213379	-0.049382889442
0.038672935133	0.097719204053	-0.002491835899	-0.026916491766
0.053241908211	0.107991025857	-0.002926628956	-0.022124618104
-0.079192726001	0.105205380479	0.023933854334	-0.065630062371
0.059534277559	0.124338187197	-0.005771429720	-0.018589310892
-0.000748824929	-0.052556200623	0.026902148805	-0.148718173368
0.015508675935	0.068519766592	0.017459971964	-0.052807690058
-0.156073982088	-0.093697948992	0.130712809150	0.087712147304
0.031106536627	0.054195470254	0.033790381230	-0.031494982494
0.049671331036	0.113295004524	-0.011037020881	-0.020265897838
-0.121133809040	0.216743773892	-0.131139337945	-0.108174641342
0.037336801863	0.103214698354	-0.016301609803	-0.021162762713
0.138317707527
0.009262190175
0.087459206281
-0.678063616091
0.256020730024
0.894984284837
0.046820021043
0.202545802873
-0.136121765786
0.166026376968
0.186880166142
0.285426514590
0.227503179607
0.283615068905
0.189675665057
0.365406111370
0.095287919145
0.198458478872
0.317651816637
0.167346950005
0.302198594546
0.730744575227
0.211002206693
-0.116684740142
0.023741108425
0.018332439028
0.019774382254
0.290011656445
0.001713210867
-0.443855385749
-0.005126044756
0.002009495130
-0.108541830409
0.009311587700
0.030736264956
-0.124281046714
0.036919492864
-0.145528726051
-0.039643931542
-0.197200110573
-0.006467128379
0.037926559136
-0.138855813593
0.033377717988
0.670304047613
0.435706152882	-0.789753362294	-0.166909463542	0.285772809651
0.291994038154	-0.676813932424	0.537430046425	0.046799449467
-0.573787425960	-0.221592254793	-0.619050972131	0.588733609050
0.796272076909	0.570978847084	-0.159666077011	0.123186637008
0.003817980749	0.001907835376	0.003213901970	0.006374143560
0.012044889423	0.006013575039	0.009889001420	0.019902089174
0.008838044336	0.004386781630	0.007256186261	0.014567712636
0.009146659828	0.004560209085	0.007569990396	0.015152894629
0.010976598236	0.005467768503	0.009009604009	0.018117827932
0.023169117696	0.011695353573	0.018203332718	0.037785147012
0.011391894640	0.005667308402	0.009310905974	0.018761354421
-0.003028613085	-0.001474892390	-0.002420796266	-0.004900210301
-0.004081953548	-0.001998385247	-0.003294189221	-0.006644179978
0.003053838617	0.001530423211	0.002588185549	0.005118514375
0.016599752251	0.008305602573	0.013382802965	0.027253728357
0.002628074651	0.001323689369	0.002250935876	0.004432920287
0.015361676279	0.007669366950	0.012414382144	0.025222347383
-0.004924832035	-0.002416127099	-0.003986318147	-0.008032701766
-0.000042567546	-0.000004927851	0.000019852471	-0.000003975268
0.004756080821	0.002380195342	0.004009966131	0.007950434954
-0.006894618632	-0.003387445818	-0.005574297435	-0.011247198568
0.014162158468	0.007061388956	0.011485278976	0.023273068966
0.015683296921	0.007835673021	0.012671175916	0.025755718243
0.012121237613	0.006034896967	0.009892987333	0.019957770288
-0.008093538609
-0.025324982745
-0.018625410170
-0.019294658528
-0.023097539528
-0.047774678823
-0.023949032459
0.006373105446
0.008599229624
-0.006481438784
-0.034655643068
-0.005587133899
-0.032125117459
0.010376622723
0.000069356951
-0.010081742006
0.014512876410
-0.029667380097
-0.032785386170
-0.025462078458
0.855753505743
0.456519106656
-0.124591255283
0.261001482938
-0.000016099256
0.000011422379
-0.000014000666
-0.000012981298
0.000000234913
0.000345279816
0.000004423771
0.000012052631
0.000015430489
-0.000013691260
0.000096244090
-0.000012285809
0.000066859910
0.000017332697
-0.000000410256
-0.000018618580
0.000018183745
0.000043138420
0.000074003689
0.000012562806
-0.025057419565
-0.457924950795	-0.984721199573	-0.140736632770	0.151913033206
0.676316506409	-0.289851499238	0.307223644709	0.833020420106
-0.195522923300	0.066015249160	0.054137964180	-0.725778688074
-0.910126773492	-0.092171932238	-0.241647267147	0.801278319027
-0.059809457468	0.116863927172	-0.071250760140	0.091940984040
-0.030944647824	0.107762292668	-0.005314460387	0.069413699871
-0.001530266557	0.007299756035	-0.001528069627	0.003341859234
-0.039662097981	0.065093085859	-0.029192048250	0.040477557015
0.003083768800	-0.015317711609	0.010070180513	0.003752937130
0.140729383561	-0.399092184532	0.135053393343	-0.285703437149
-0.000183662823	0.002521490192	0.008579680389	0.016878016166
0.171276971483	-0.421439758899	0.181488305717	-0.249582300750
-0.031453885227	0.089010897483	-0.000134686472	0.056039392109
-0.068340410915	0.165139325615	-0.111774430405	0.136996876477
-0.026569022261	0.070781964791	0.005616420887	0.045052178696
-0.016812624141	0.161354481868	0.006257591924	0.105872634293
0.010931843334	-0.030017485868	0.015085293732	-0.004196601934
0.001877089876	-0.011394516214	0.007836860235	0.003455197414
0.022351507769	-0.042508176042	0.022292896491	-0.016248248620
-0.019031890275	0.051346255225	0.008582894108	0.036642709379
-0.031412214654	0.124222846363	-0.016020725120	0.083108837428
-0.015372374782	0.042527354088	0.004574048193	0.030528015486
-0.058510288666	0.067122863534	-0.076013223864	0.049933017817
-0.009262869226	0.027929274808	0.006073953909	0.026353707047
0.163903541344
0.147271627673
0.008137053491
0.092520549058
-0.011299854642
0.391831430319
0.011280672287
0.151709260964
0.123194382800
0.198995403280
0.097069194329
0.179341896390
-0.029371401576
-0.008060732446
-0.050217864364
0.070766721122
0.166587796258
0.057456017172
0.103206441102
0.043925828780
-0.685135421424
0.467133909644
0.465827422945
0.913899807030
-0.053970203697
0.000780433152
0.000770779807
-0.012984733031
-0.002307378112
-0.306928024545
-0.002937302518
-0.253255511142
0.001177193247
-0.051528082143
0.008220462972
0.020806986677
-0.005961755231
-0.001161627419
-0.004105689075
0.004543773237
-0.003711917640
0.006521651125
-0.034685733282
-0.016457743312
0.023426267367
0.137015698489	1.000659461723	0.541463655722	-1.133751663841
-0.880828787194	0.903606015121	0.968894509827	0.551474533934
-0.511736479333	0.569086341884	-1.065415899761	0.010043524570
0.930430350626	1.073689164864	-0.056260036116	0.702787774378
-0.520894323822	0.249044424581	-0.010363808523	0.417261618352
-0.014749264708	0.192261675005	-0.074664684672	-0.305876861723
0.251688674545	-0.214721068854	0.030657508357	-0.181057894495
0.120804033789	-0.014012021774	0.278238699911	0.277648988681
-0.201339396421	0.218848402104	0.634813282101	-0.722159623371
0.054555192367	-0.178465922209	-0.124682102934	-0.244275771401
-0.262064924291	-0.264378385536	0.142127944854	0.111456916045
-0.340259707188	0.702741747286	-0.582461356426	1.581052563234
0.164040423552	0.090164190361	-0.314866370512	0.131694875127
-0.236904544614	0.049404237972	-0.237046761801	-0.109694509793
-0.192340854930	-0.085824393846	-0.185193691714	-0.499450779912
0.038787369016	0.447629691344	0.421880754334	-0.666124231029
-0.132875011965	-0.152875409634	-0.103458055967	-0.462644074254
0.272581499049	0.243345699541	0.396508904185	0.076420503365
-0.369752905974	0.107513377012	-0.214945377823	0.043209329010
-0.300013334597	0.055189018383	-0.169970895176	-0.003049630822
-0.197808442628	0.266013249943	0.061124373084	0.235436472277
0.202944059814	0.133904440122	0.375632711097	-0.060090018057
-0.374610766208	0.221574888304	0.078816493618	0.411704146418
-0.262627042717	-0.277720189622	-0.007012219448	0.165604361028
0.989367979992
0.698924010402
0.973761646331
2.037631966954
-0.151396161045
1.547400060687
-1.212858252746
-0.330987974932
0.379899148810
-1.673354889703
0.565860606080
0.829472037683
-0.484194765887
-0.280666301853
1.308078026788
1.843180675479
0.859164403951
0.662828529128
-1.359893330678
1.329449030745
-0.869003379637
-0.217930780540
-0.450484869367
2.323700447729
-0.300143056431
0.316758680957
0.585387494900
0.535586291498
0.100303644292
0.127117538554
0.702304870063
1.883463350859
-0.231556081599
0.170275707733
-0.196776642031
-0.498321691457
-0.001343936029
-0.112908008895
-0.355217149500
-1.391086040281
-0.398968125719
0.117496789358
-0.063091900389
0.369263192056
2.278465326837
0.858360207456	-0.339010043541	0.727732363102	-1.138390946329
-0.772336201117	-0.987516944929	0.972802319741	0.445394292973
-0.955792774487	-0.849593998720	-0.304663575762	-0.626409696245
0.461800650733	-1.518438526240	-0.427099659870	0.165637352093
-0.205156134841	-0.415293558183	0.193993330206	-0.175774959870
-0.251463244277	0.132726558621	-0.266627137388	0.159343207426
-0.243127274604	0.020158051371	-0.161788269389	0.096198186960
-0.158359156263	0.023176653497	-0.183831761013	-0.107824090976
-0.142762149924	-0.278919793060	-0.511202320386	0.326362516721
0.028160958886	-0.058555924634	-0.158953484419	0.013383673524
-0.128176851367	0.009876406712	-0.376089718825	0.224302044312
-0.057323931216	-0.047507474301	-0.385063138165	0.247687101857
0.138368502298	0.193674018218	-0.467421382247	0.353792689923
0.458528865853	0.220377901892	0.608517848769	-1.366108900755
-0.077711318545	-0.100018981855	0.525071363549	-0.399600797183
-0.193406318264	-0.148851742383	0.820435245710	0.080353596296
0.162552424032	0.275927937655	-0.285687981354	0.310949499456
-0.192955809528	0.248319870526	-0.269029867753	0.240117017662
0.120652384582	0.168929204694	-0.981236741359	-0.080955867298
-0.203215522522	-0.395354876609	0.258151331357	-0.166986500973
-0.206222038180	-0.379466782006	-0.447909342810	0.263491461925
-0.016898584435	-0.150544917883	-0.023484132812	0.066806064002
0.180893762826	-0.103236655132	-0.051859356358	-0.073688730924
0.299989830914	-0.338411818334	0.433013483760	-0.301300119818
-0.948849060945
1.479795877204
1.980784357307
-1.487317752713
-1.994596184050
1.013917275003
1.718595146777
-0.988720937701
-1.947821411174
1.240546857805
-0.831463849401
-0.433316109897
1.516371860576
-2.460877866898
-1.529058846955
0.925853006895
1.486919893846
-1.117081733924
1.133508142514
-0.638680790419
-0.532131216808
-0.014344817014
-1.837885079102
0.968338882386
-0.076601328004
-0.483500849698
-1.385269352910
-0.057759053696
0.379995289147
-0.785078278675
-0.213596062329
-0.826865064348
0.022620301698
-2.048115827377
0.397973376019
-0.952095410578
0.594362011358
-0.281215760959
1.471909661413
0.075197036775
0.807999857609
-0.054846591605
0.575454161684
0.566758574382
3.586204981991
0.922116947950	-0.754698411050	-0.377895456393	-0.754813620584
0.729593943477	-0.419404015664	-0.707907583853	0.030763132460
-0.370791246981	-0.147021429316	0.269792945499	-1.084417806843
-0.236952582610	0.676589365797	0.027933668311	-0.855134336888
-0.048246372621	0.044635842099	-0.042296215152	-0.058330528203
-0.046530460818	0.009377898338	-0.002853991760	-0.011192863655
-0.041828429946	0.000953304564	-0.007452482282	-0.008540751466
0.105689167782	-0.043782892040	0.246281380435	0.163308948160
-0.055448025725	0.043082334056	0.024922835605	-0.020536517151
-0.015904270684	0.051966797869	0.036586061582	-0.017249133699
-0.112530047711	0.101773385765	-0.093238666700	-0.101297847222
-0.043389100921	0.094706502046	0.047618779595	0.008740352663
0.187667656739	0.025205554781	0.631803016914	0.441573336323
-0.010927198052	0.050477393877	0.035749835970	-0.015841246357
-0.046248307334	0.095106994667	0.048996479980	0.009944359679
0.041681007115	-0.035993662984	0.111171421096	0.056355551097
-0.044425349385	0.010462699006	-0.001702460282	-0.010706854568
-0.040208960559	0.029141847458	-0.037164073481	-0.045913504833
0.014507867228	0.028765528127	0.025652198243	-0.003876523902
-0.020180945743	0.034693555758	0.018997512764	-0.014034511093
-0.044653140761	0.040308140156	-0.042846937109	-0.055833005327
-0.052953712929	0.077955376038	-0.069858326563	-0.092582316190
-0.031391940854	0.079608373281	0.049750587933	-0.004328706421
-0.040313575679	0.038036183660	-0.047856871555	-0.056516992514
0.127435791600
0.044005756879
0.051090393655
0.434879937640
0.015340959334
-0.030780185240
0.320077608205
-0.137383454120
0.075824232766
-0.035977532087
-0.137828574340
-0.233082834495
0.038342369498
0.111519758363
-0.045843214482
-0.007072563315
0.126221071075
0.189220426629
-0.111290852508
0.135908218770
-0.080615829776
-0.320422645113
-0.041127625797
0.119770244147
-0.054875047550
-0.011425653785
-0.005924311418
-0.320753803397
-0.046438784860
-0.044437180663
-0.300121552221
-0.124671614182
-0.793219284355
-0.040899367685
-0.137620657881
0.141739646379
-0.010266076035
-0.031345030317
-0.008864421031
-0.023944238477
-0.047802089452
-0.113344455202
-0.083107906471
-0.045374624467
0.214449768588
0.323431538101	0.850326396487	-0.866057761970	0.687611788788
0.821062884826	0.809991748379	-0.444689778158	-0.417890111469
0.731717615553	-0.097344160807	-0.904114433757	-0.544807411283
-0.633432848764	0.699083601914	-0.706552695350	-1.228526844504
0.002182800092	-0.099830299979	-0.076343086358	0.005948466388
0.007590847042	0.035304526323	0.012871107132	-0.022679241398
-0.317565598256	0.164159403555	0.161239606985	0.144776210078
0.108861108404	0.121319473103	0.178361796961	-0.303448388438
0.005228309898	0.000349594538	-0.004193688909	-0.008844122506
0.205314798166	-0.257182532213	-0.149352174597	0.011638856277
-0.014962141122	-0.022435208288	-0.002922538160	-0.015727230641
-0.038723619952	-0.007443258699	0.015740552602	0.088918353439
0.340337881313	0.190603683643	0.071654988711	-0.480873860539
-0.014761637248	-0.019236776290	-0.002418123501	-0.014827105086
0.002306411733	0.042166457830	0.026667985828	-0.046526581709
-0.015538392803	-0.024745684280	-0.002949483966	-0.025949119576
-0.015567927926	-0.024584728140	-0.002312491453	-0.022181859565
-0.009205323168	-0.008595002289	-0.001169340255	-0.008399273626
-0.087989019857	-0.219078768851	-0.338331749017	0.435856680866
0.005157253728	0.037724022282	0.017576724511	-0.030463793552
0.320562623505	0.222624774298	0.125815775275	-0.525377536372
-0.014790896373	-0.020711646388	-0.003140591860	-0.020383863207
0.011360446237	0.043643835996	0.019802125823	-0.066864796436
0.071317595261	-0.082605964456	-0.202420452091	0.071039800418
0.108509209435
0.035048268467
0.854894320287
0.664001664612
-0.005210982368
0.306145360190
-0.035508839149
0.253069997567
0.351371955903
-0.030108689514
0.042770350003
-0.042627561842
-0.041440609248
-0.014070013475
0.336264198579
0.037535447814
-0.344761100413
-0.034785100950
0.025988770574
0.348946978146
0.107488538561
0.586123005030
0.408397629959
-0.265568164142
-0.065548594541
0.018828627745
-0.978980399610
-0.112477045628
-0.008241658123
-0.144903594288
-0.014186486685
-0.033411289629
0.447447704862
-0.010630464447
0.035945775923
-0.020257102350
-0.018590526903
-0.003997831503
-0.457388396096
0.026746042088
0.339122160362
-0.015246490982
0.007970943297
0.355520275184
0.693359817103
-0.481848398911	0.518195098127	0.419590290544	-0.417051817860
-0.042534164519	-0.931829930696	0.776108733799	0.463461696232
0.249145998507	-0.482687815746	0.336912358991	0.340486817660
0.981019563729	-0.166479141351	0.274215248253	0.472320863211
0.002597480957	0.002047434239	-0.000497694173	-0.005075072010
-0.001348708403	-0.001306369287	0.000170150414	0.002704567830
-0.026383847802	0.000861581142	0.014448121721	0.051203648867
0.007613343376	0.005126093294	-0.001745197349	-0.014719887263
0.010972913207	0.006199923119	-0.002944320039	-0.021059317197
0.004663606444	0.003511456889	-0.000945396472	-0.009081004275
-0.010180845994	-0.006216653545	0.002560810027	0.019616931524
0.003411252511	0.002713165106	-0.000642502226	-0.006675800920
0.019078124909	0.004499318952	-0.007767045542	-0.036290956045
0.007790189884	0.005308873577	-0.001761817508	-0.015082985197
0.003626399792	0.002792788359	-0.000715875520	-0.007071910888
0.002089097297	0.001705454089	-0.000379442117	-0.004097666588
-0.006745629127	-0.004913161528	0.001415231739	0.013123483445
-0.005225230228	-0.004098014121	0.000996526559	0.010226357342
0.012966999357	0.006277382229	-0.003885266576	-0.024770556113
-0.010053448162	-0.006137430724	0.002528761330	0.019366030903
-0.002008889444	-0.001722891434	0.000334557805	0.003964283073
0.010002644267	0.005936083080	-0.002576946824	-0.019224290088
0.004315545833	0.003388299667	-0.000825419340	-0.008439438072
-0.029523545580	0.004229322801	0.018093128574	0.058295943155
0.005620268600
-0.003358355714
-0.040626323394
0.015588419787
0.021390046989
0.009924401167
-0.020408280075
0.007459380347
0.031942251339
0.016096523076
0.007771508549
0.004619417276
-0.014336346648
-0.011471382921
0.024281356549
-0.020117143030
-0.004595121586
0.019713645528
0.009413209313
-0.044603400686
-0.324905274313
-0.913472958987
0.807527706604
0.530593186338
0.000030704022
-0.000017390751
0.000086643429
0.000134333228
0.000226527998
0.000065089614
-0.000204030574
0.000043483906
0.000304784149
0.000139230623
0.000046261338
0.000024407222
-0.000112578846
-0.000078165518
0.000275228230
-0.000200931764
-0.000024244487
0.000200687067
0.000059390709
0.000430043397
-0.136239090395
0.109478435187	-0.694570984717	0.346945803071	0.402818738352
0.065941321225	0.478185866813	-0.533945386367	0.790255266114
-0.883685994663	0.843377046611	0.570634827458	1.053588205220
-0.148423766623	0.618794011958	0.800743448091	0.835408347043
0.060018492781	-0.021463303768	-0.007855308592	-0.007868563951
-0.065901774152	-0.039634654917	0.005276434580	0.014064912801
-0.172139509853	0.301012643465	0.008608633680	-0.050961869212
0.060498424964	-0.011358597562	-0.001800948031	-0.006983904572
-0.065876056743	-0.039244546406	0.004922207073	0.014123615191
0.636936709895	0.737821733120	-0.001784536129	0.202760302124
-0.057657514772	0.034920846508	0.015238676377	0.008550323144
-0.065632001733	-0.032355615264	-0.000722324225	0.014797652657
0.030402457325	-0.003291070643	0.009900680954	0.008079714766
-0.000793613727	-0.000076356658	-0.000195214871	-0.000203974986
-0.059928681964	0.009388448612	-0.000169986823	0.005971834957
0.041097330080	0.086159307161	-0.111622550569	-0.078236647601
0.149851305319	-0.018720395416	-0.032333905381	-0.046385322059
-0.015143954962	0.161311172090	0.067581223693	-0.027617339766
-0.024677535181	-0.001613677545	-0.006008928858	-0.003767434947
-0.068147063797	-0.051113743207	0.016144436291	0.012116175496
-0.065849426095	-0.038756220037	0.004480394130	0.014197389491
0.028154839427	-0.011677524440	0.017341202526	0.016955059980
0.026755530225	0.001135326389	0.006627787114	0.004206877285
-0.069191387212	-0.048579835013	0.012047978774	0.014164658156
0.072265966282
-0.097500826997
0.138242453841
0.070757025556
-0.097496132817
-0.585906928020
-0.072747355793
-0.096794755566
0.030961586080
-0.000821133652
-0.069034309133
-0.087168562037
-0.174042830783
-0.126512007994
-0.025385380008
-0.094224832821
-0.097479925844
0.029725185980
0.027491579259
-0.093733871328
0.922138368655
1.158196319241
-0.106834592969
-0.358188083085
0.006823949587
-0.010478617986
0.537114527034
0.007126589244
-0.010722973547
0.907977525367
-0.006156063321
-0.014026989204
0.001250543138
-0.000172580381
-0.006779126224
0.015774495185
0.078107476453
-0.032595186491
-0.003688254553
0.003186694554
-0.011003275701
-0.004648594521
0.003588272590
0.007144552609
0.455428051265
